378.0000 	  0.0000 	0	2388.274926	35903	#sol110-20050602T162907135673000.out
378.0000 	  0.0000 	1	2388.274926	35903	#sol110-20050602T162907135673000.out
381.0000 	  0.0000 	0	2000.307906	25603	#sol110-20050603T075037840088000.out
381.0000 	  0.0000 	1	2000.307906	25603	#sol110-20050603T075037840088000.out
379.0000 	  0.0000 	0	104.549105	2742	#sol110-20050603T115631971716000.out
379.0000 	  0.0000 	0	99.351895	2566	#sol110-20050603T120108975927000.out
379.0000 	  0.0000 	0	231.513803	6691	#sol110-20050603T132545930841000.out
378.0000 	  0.0000 	0	345.812427	10950	#sol110-20050603T133045706845000.out
381.0465 	  0.1374 	115	10693.383358	101270	#fail110-20050602T201347169905000.out
343.0465 	  0.0443 	4655	214.23743	5118	#fail110-20050603T010751695365000.out
365.0698 	  0.0649 	4655	232.318681	5845	#fail110-20050603T011309051673000.out
371.0233 	  0.0227 	4655	384.989472	9821	#fail110-20050603T011917682586000.out
373.0465 	  0.0443 	4655	580.834699	5592	#fail110-20050603T012043839830000.out
355.9302 	  0.0649 	4655	315.384053	8159	#fail110-20050603T012436219881000.out
378.9535 	  0.0443 	4655	225.636697	5831	#fail110-20050603T012821537487000.out
377.9302 	  0.0649 	4655	222.727139	5618	#fail110-20050603T013154375767000.out
379.0233 	  0.0227 	9310	415.019906	10148	#fail110-20050603T013843925386000.out
376.0465 	  0.0443 	9310	538.845082	13593	#fail110-20050603T014726991209000.out
377.9535 	  0.0443 	9310	1307.668203	11161	#fail110-20050603T015428137929000.out
377.9302 	  0.0649 	9310	428.719823	10090	#fail110-20050603T015516629115000.out
379.0233 	  0.0227 	9310	399.699236	9831	#fail110-20050603T020145134359000.out
379.0465 	  0.0443 	9310	985.253217	9767	#fail110-20050603T020303526809000.out
378.9535 	  0.0443 	9310	468.839725	11554	#fail110-20050603T020920492506000.out
378.0465 	  0.0443 	9310	1473.581981	14662	#fail110-20050603T021540381793000.out
375.0233 	  0.0227 	9310	417.210573	9902	#fail110-20050603T021606550991000.out
377.0465 	  0.0443 	9310	405.270389	9710	#fail110-20050603T022240695356000.out
378.9767 	  0.0227 	9310	1281.762142	12799	#fail110-20050603T022628591739000.out
378.0698 	  0.0649 	9310	406.327228	9886	#fail110-20050603T022917053363000.out
377.9302 	  0.0649 	9310	538.841083	15069	#fail110-20050603T024454537888000.out
377.0233 	  0.0227 	9310	461.795796	10847	#fail110-20050603T025224761937000.out
378.9767 	  0.0227 	9310	1156.521181	10931	#fail110-20050603T025409908825000.out
380.8372 	  0.1363 	9310	979.127149	12230	#fail110-20050603T033707283607000.out
347.0465 	  0.0443 	16	1819.233434	49116	#fail110-20050603T040040371520000.out
380.9070 	  0.0844 	1965	3547.060764	46621	#fail110-20050603T040707314054000.out
381.0233 	  0.0227 	9310	822.364981	11396	#fail110-20050603T041433512222000.out
380.8837 	  0.1028 	9310	832.741404	11084	#fail110-20050603T042206875698000.out
380.8837 	  0.1028 	9310	847.569149	10846	#fail110-20050603T042919721898000.out
348.9302 	  0.0649 	171	1815.004076	48728	#fail110-20050603T043040764777000.out
380.9767 	  0.0227 	9310	845.341488	10965	#fail110-20050603T043628041949000.out
380.9302 	  0.0649 	9310	1079.942822	13011	#fail110-20050603T044542021826000.out
380.0698 	  0.0649 	9310	1632.872765	20712	#fail110-20050603T045940868238000.out
348.9302 	  0.0649 	2039	1852.555368	53850	#fail110-20050603T050040836306000.out
380.8605 	  0.1201 	9310	861.249069	11065	#fail110-20050603T050658527348000.out
380.9070 	  0.0844 	9310	1214.957298	15341	#fail110-20050603T051719065398000.out
380.9302 	  0.0649 	9310	806.544386	10254	#fail110-20050603T052410879919000.out
333.9535 	  0.0443 	27	1832.636396	50853	#fail110-20050603T053041021253000.out
380.9070 	  0.0844 	9310	1208.187326	15949	#fail110-20050603T053422093976000.out
380.9070 	  0.0844 	9310	1443.203598	18526	#fail110-20050603T054633293945000.out
347.0698 	  0.0649 	9310	1362.539861	36731	#fail110-20050603T055259711865000.out
349.9535 	  0.0443 	9310	796.761873	21551	#fail110-20050603T060601968308000.out
380.7907 	  0.1655 	6658	3523.264381	44897	#fail110-20050603T061633323371000.out
380.0698 	  0.0649 	9310	1221.880245	15482	#fail110-20050603T062705649081000.out
344.0698 	  0.0649 	1595	1822.835885	51867	#fail110-20050603T063602532497000.out
380.7907 	  0.1655 	9310	1267.026382	13787	#fail110-20050603T063756783647000.out
380.9767 	  0.0227 	9310	886.844178	11126	#fail110-20050603T064532172487000.out
380.8372 	  0.1363 	9310	1212.193717	15599	#fail110-20050603T065542511369000.out
379.9767 	  0.0227 	9310	908.303916	11460	#fail110-20050603T070329472657000.out
339.0698 	  0.0649 	11	1845.229481	52496	#fail110-20050603T070602793721000.out
380.8372 	  0.1363 	599	3558.658001	46746	#fail110-20050603T073329502733000.out
354.0465 	  0.0443 	225	1883.661639	53458	#fail110-20050603T073602928772000.out
350.0465 	  0.0443 	9310	939.478176	27084	#fail110-20050603T075120672023000.out
380.8605 	  0.1201 	9310	1182.51523	14985	#fail110-20050603T080044857973000.out
380.8605 	  0.1201 	9310	948.609789	12169	#fail110-20050603T080842530142000.out
345.9535 	  0.0443 	98	1827.044246	50392	#fail110-20050603T082120886136000.out
380.8605 	  0.1201 	9310	433.160148	12725	#fail110-20050603T083208806623000.out
380.8372 	  0.1363 	9310	3254.867184	43659	#fail110-20050603T083632155510000.out
380.8605 	  0.1201 	9310	1352.539381	39506	#fail110-20050603T084328131774000.out
380.9535 	  0.0443 	9310	393.001254	10737	#fail110-20050603T084620086846000.out
380.0930 	  0.0844 	9310	1649.442246	21090	#fail110-20050603T085034305044000.out
380.9767 	  0.0227 	9310	828.890989	24733	#fail110-20050603T085707877799000.out
380.9070 	  0.0844 	9310	904.913431	11636	#fail110-20050603T085811757777000.out
380.0233 	  0.0227 	9310	444.544418	12291	#fail110-20050603T090235013423000.out
380.0233 	  0.0227 	9310	510.150444	14479	#fail110-20050603T090528749971000.out
380.0698 	  0.0649 	9310	969.753574	12559	#fail110-20050603T090622088868000.out
380.8372 	  0.1363 	9310	382.774808	11565	#fail110-20050603T091142809042000.out
380.9302 	  0.0649 	9310	852.295431	11011	#fail110-20050603T091333281516000.out
380.7907 	  0.1655 	9310	413.81209	12449	#fail110-20050603T091828197869000.out
380.8837 	  0.1028 	9310	999.602036	12936	#fail110-20050603T092156875916000.out
380.8837 	  0.1028 	9310	410.805547	11648	#fail110-20050603T092510185778000.out
380.8372 	  0.1363 	9310	442.601713	12816	#fail110-20050603T093221512248000.out
380.8837 	  0.1028 	8594	814.781133	23570	#fail110-20050603T093235274706000.out
380.0465 	  0.0443 	9310	369.792782	10469	#fail110-20050603T093818398151000.out
380.9302 	  0.0649 	9310	445.51927	12434	#fail110-20050603T094535575968000.out
380.0233 	  0.0227 	9310	378.638437	11062	#fail110-20050603T094631443895000.out
328.0000 	  0.0465 	762	648.11247	16908	#fail110-20050603T105356853280000.out
361.9767 	  0.0227 	2568	636.310266	17627	#fail110-20050603T112358152242000.out
379.0698 	  0.0649 	9310	585.867933	17938	#fail110-20050603T115135529514000.out
377.9302 	  0.0649 	9310	439.358207	12790	#fail110-20050603T122207521383000.out
378.9535 	  0.0443 	5236	650.367128	19264	#fail110-20050603T125208215531000.out
379.0233 	  0.0227 	9310	499.281097	14544	#fail110-20050603T131507470984000.out
379.8372 	  0.1363 	361	657.110103	19776	#fail110-20050603T135547182328000.out
378.9302 	  0.0649 	674	899.777212	29360	#fail110-20050603T140058039770000.out
379.0465 	  0.0443 	9310	509.205588	16032	#fail110-20050603T141923204297000.out
378.9767 	  0.0227 	9310	11.507249	12850	#fail110-20050603T142157637412000.out
377.9535 	  0.0443 	273	893.680139	27972	#fail110-20050603T143110433933000.out
379.0698 	  0.0649 	9310	7.402874	19980	#fail110-20050603T143320557188000.out
380.0465 	  0.0443 	9310	372.548364	10731	#fail110-20050603T143633683160000.out
378.9535 	  0.0443 	8098	584.860087	17570	#fail110-20050603T150122215955000.out
378.9535 	  0.0443 	1482	639.511778	19100	#fail110-20050603T150635062883000.out
379.9535 	  0.0443 	9310	342.860876	10572	#fail110-20050603T151335522175000.out
379.9535 	  0.0443 	9310	389.683758	11283	#fail110-20050603T152426068669000.out
379.9302 	  0.0649 	2249	743.607954	22935	#fail110-20050603T154346961552000.out
379.0000 	  0.0465 	1011	656.688167	19260	#fail110-20050603T155427089927000.out
379.0233 	  0.0692 	194	992.512114	31258	#fail110-20050603T161358537242000.out
