368.1395 	  0.5387 	360.4419	0.047991	1282	#fail110-20050510T021805.out
368.6977 	  0.3505 	362.4888	0.026995	1305	#fail110-20050510T031806.out
367.3488 	  0.4132 	360.6071	0.023995	1286	#fail110-20050510T041806.out
367.2093 	  0.3981 	360.5922	0.035993	1284	#fail110-20050510T051806.out
369.0930 	  0.5495 	361.3185	0.032994	1285	#fail110-20050510T061807.out
373.5814 	  0.3364 	367.4983	6672.214668	6962	#fail110-20050517T214931.out
372.9302 	  0.2975 	367.2101	6675.966098	6702	#fail110-20050517T224931.out
374.5116 	  0.4824 	367.2270	6693.58142	6834	#fail110-20050517T234932.out
371.7674 	  0.4110 	365.0433	6634.323429	6747	#fail110-20050518T004932.out
373.0465 	  0.3699 	366.6675	6647.922362	6607	#fail110-20050518T014932.out
373.1860 	  0.2910 	367.5286	6702.922999	6848	#fail110-20050518T024932.out
372.5581 	  0.3396 	366.4458	6697.562815	6589	#fail110-20050518T034933.out
372.5581 	  0.2931 	366.8797	6721.371195	6421	#fail110-20050518T044933.out
371.7209 	  0.2477 	366.5010	6685.915585	6796	#fail110-20050518T054933.out
374.6977 	  0.4435 	367.7132	6673.070538	6642	#fail110-20050518T064933.out
373.9535 	  0.2304 	368.9193	6674.262357	6807	#fail110-20050518T074934.out
371.9070 	  0.4100 	365.1917	6657.736869	6688	#fail110-20050518T084934.out
373.9767 	  0.3948 	367.3867	6665.731654	6727	#fail110-20050518T094934.out
374.8140 	  0.5235 	367.2253	6644.727847	6489	#fail110-20050518T104934.out
374.6977 	  0.3505 	368.4888	6668.830182	6815	#fail110-20050518T114935.out
374.3023 	  0.3505 	368.0934	6771.852521	6862	#fail110-20050518T124935.out
373.1860 	  0.3375 	367.0932	6674.519318	6626	#fail110-20050518T134935.out
374.4651 	  0.3883 	367.9294	6604.918899	6892	#fail110-20050518T144935.out
371.8140 	  0.3840 	365.3148	6713.764352	6750	#fail110-20050518T154936.out
374.2093 	  0.3981 	367.5922	6783.206795	6686	#fail110-20050518T164936.out
