80.71429 	 0.20408 	78.50115	3.492468	2677	#sol24-20050509T191807.out
74.00000 	 0.00000 	74.00000         16      17 	3.492468	2677	#sol24-20050509T191807.out
79.00000 	 0.00000 	79.00000	0.77988	607	#sol24-20050509T191822.out
84.14286 	 0.12245 	82.42857	6.828961	5308	#sol24-20050509T191830.out
80.00000 	 0.00000 	80.00000          7       2 	6.828961	5308	#sol24-20050509T191830.out
81.00000 	 0.00000 	81.00000	4.190362	3236	#sol24-20050509T191837.out
84.000000 	0.000000 	1	0.003998	1	#sol24-20050509T220920.out
80.142857 	0.122449 	1	0.001999	1	#sol24-20050509T220923.out
76.000000 	0.000000 	76.000000	0.001999	1	#sol24-20050509T220923.out
82.285714 	0.204082 	1	0.003998	1	#sol24-20050509T220926.out
75.000000 	0.000000 	75.000000	0.003998	1	#sol24-20050509T220926.out
79.714286 	0.204082 	1	0.002998	1	#sol24-20050509T220927.out
77.000000 	0.000000 	77.000000	0.002998	1	#sol24-20050509T220927.out
82.714286 	0.204082 	1	0.007998	4	#sol24-20050509T220929.out
80.000000 	0.000000 	80.000000	0.007998	4	#sol24-20050509T220929.out
80.714286 	0.204082 	1	0.002999	1	#sol24-20050509T220933.out
76.000000 	0.000000 	76.000000	0.002999	1	#sol24-20050509T220933.out
80.000000 	0.000000 	1	0.004998	2	#sol24-20050509T220935.out
79.714286 	0.204082 	4	0.009997	5	#sol24-20050509T220944.out
76.000000 	0.000000 	76.000000	0.009997	5	#sol24-20050509T220944.out
79.571429 	0.244898 	1	0.003998	1	#sol24-20050509T220945.out
73.000000 	0.000000 	73.000000	0.003998	1	#sol24-20050509T220945.out
83.000000 	0.000000 	1	0.010997	5	#sol24-20050509T220946.out
80.571429 	0.244898 	1	0.002998	1	#sol24-20050509T220949.out
77.000000 	0.000000 	77.000000	0.002998	1	#sol24-20050509T220949.out
82.000000 	0.000000 	1	0.011998	6	#sol24-20050509T220950.out
84.714286 	0.204082 	8	0.019996	10	#sol24-20050509T220951.out
81.000000 	0.000000 	81.000000	0.019996	10	#sol24-20050509T220951.out
80.000000 	0.000000 	1	0.012998	6	#sol24-20050509T220952.out
77.000000 	0.000000 	1	0.003998	1	#sol24-20050509T220953.out
79.571429 	0.244898 	1	0.003998	1	#sol24-20050509T220955.out
73.000000 	0.000000 	73.000000	0.003998	1	#sol24-20050509T220955.out
83.000000 	0.000000 	1	0.009998	5	#sol24-20050509T220957.out
79.000000 	0.000000 	1	0.003998	2	#sol24-20050509T220958.out
84.000000 	0.000000 	1	0.016996	9	#sol24-20050509T221003.out
82.142857 	0.122449 	1	0.003999	1	#sol24-20050509T221006.out
78.000000 	0.000000 	78.000000	0.003999	1	#sol24-20050509T221006.out
79.571429 	0.244898 	1	0.002998	1	#sol24-20050509T221007.out
73.000000 	0.000000 	73.000000	0.002998	1	#sol24-20050509T221007.out
83.000000 	0.000000 	1	0.009998	5	#sol24-20050509T221008.out
82.000000 	0.000000 	1	0.010998	6	#sol24-20050509T221009.out
84.714286 	0.204082 	8	0.020996	10	#sol24-20050509T221010.out
81.000000 	0.000000 	81.000000	0.020996	10	#sol24-20050509T221010.out
81.000000 	0.000000 	1	0.006998	3	#sol24-20050509T221011.out
85.142857 	0.122449 	15	0.037993	23	#sol24-20050509T221012.out
80.000000 	0.000000 	80.000000	0.037993	23	#sol24-20050509T221012.out
84.285714 	0.204082 	2	0.018996	9	#sol24-20050509T221013.out
80.000000 	0.000000 	80.000000	0.018996	9	#sol24-20050509T221013.out
80.000000 	0.000000 	1	0.007998	4	#sol24-20050509T221014.out
81.000000 	0.000000 	1	0.006998	3	#sol24-20050509T221015.out
84.000000 	0.000000 	1	0.002998	1	#sol24-20050509T221016.out
84.285714 	0.204082 	2	0.017996	9	#sol24-20050509T221017.out
80.000000 	0.000000 	80.000000	0.017996	9	#sol24-20050509T221017.out
80.000000 	0.000000 	1	0.007998	4	#sol24-20050509T221018.out
84.142857 	0.122449 	6	0.017996	9	#sol24-20050509T221019.out
76.000000 	0.000000 	76.000000	0.017996	9	#sol24-20050509T221019.out
84.714286 	0.204082 	1	0.020995	11	#sol24-20050509T221020.out
76.000000 	0.000000 	76.000000	0.020995	11	#sol24-20050509T221020.out
85.000000 	0.285714 	5	0.026995	13	#sol24-20050509T221021.out
82.000000 	0.000000 	82.000000	0.026995	13	#sol24-20050509T221021.out
76.000000 	0.000000 	1	0.002998	1	#sol24-20050509T221022.out
82.714286 	0.204082 	1	0.008997	4	#sol24-20050509T221023.out
80.000000 	0.000000 	80.000000	0.008997	4	#sol24-20050509T221023.out
85.428571 	0.244898 	5	0.020995	11	#sol24-20050509T221024.out
81.000000 	0.000000 	81.000000	0.020995	11	#sol24-20050509T221024.out
84.142857 	0.122449 	1	0.010998	5	#sol24-20050509T221025.out
82.000000 	0.000000 	82.000000	0.010998	5	#sol24-20050509T221025.out
85.000000 	0.285714 	5	0.025995	13	#sol24-20050509T221026.out
82.000000 	0.000000 	82.000000	0.025995	13	#sol24-20050509T221026.out
76.000000 	0.000000 	1	0.002999	1	#sol24-20050509T221027.out
79.714286 	0.204082 	1	0.003998	1	#sol24-20050509T221028.out
76.000000 	0.000000 	76.000000	0.003998	1	#sol24-20050509T221028.out
 84.1429 	  0.4082 	 81.0130	0.000999	3	#sol24-20050510T003725.out
 79.0000 	  0.0000 	 79.0000	0.000999	3	#sol24-20050510T003725.out
 77.1429 	  0.1224 	 75.4286	0.001998	1	#sol24-20050510T003727.out
 75.0000 	  0.0000 	 75.0000	0.001998	1	#sol24-20050510T003727.out
 81.0000 	  0.0000 	 81.0000	0.000999	1	#sol24-20050510T003728.out
 82.0000 	  0.0000 	 82.0000	0.000999	1	#sol24-20050510T003729.out
 80.7143 	  0.2041 	 78.5012	0.001999	1	#sol24-20050510T003730.out
 75.0000 	  0.0000 	 75.0000	0.001999	1	#sol24-20050510T003730.out
 83.5714 	  0.2449 	 81.1471	0.001998	4	#sol24-20050510T003731.out
 72.0000 	  0.0000 	 72.0000	0.001998	4	#sol24-20050510T003731.out
 83.5714 	  0.2449 	 81.1471	0.000999	1	#sol24-20050510T003732.out
 68.0000 	  0.0000 	 68.0000	0.000999	1	#sol24-20050510T003732.out
 81.1429 	  0.6939 	 77.0620	0.001998	3	#sol24-20050510T003733.out
 75.0000 	  0.0000 	 75.0000	0.001998	3	#sol24-20050510T003733.out
 76.0000 	  0.0000 	 76.0000	0.001998	3	#sol24-20050510T003733.out
 81.8571 	  0.4082 	 78.7273	0.001998	1	#sol24-20050510T003734.out
 77.0000 	  0.0000 	 77.0000	0.001998	1	#sol24-20050510T003734.out
 82.7143 	  0.2041 	 80.5012	0.000999	2	#sol24-20050510T003735.out
 79.0000 	  0.0000 	 79.0000	0.000999	2	#sol24-20050510T003735.out
 84.7143 	  0.2041 	 82.5012	0.001999	7	#sol24-20050510T003736.out
 78.0000 	  0.0000 	 78.0000	0.001999	7	#sol24-20050510T003736.out
 83.0000 	  0.0000 	 83.0000	0.001999	6	#sol24-20050510T003737.out
 79.2857 	  0.2041 	 77.0726	0.001999	2	#sol24-20050510T003739.out
 71.0000 	  0.0000 	 71.0000	0.001999	2	#sol24-20050510T003739.out
 84.7143 	  0.2041 	 82.5012	0.001998	9	#sol24-20050510T003740.out
 77.0000 	  0.0000 	 77.0000	0.001998	9	#sol24-20050510T003740.out
 77.1429 	  0.1224 	 75.4286	0.000999	1	#sol24-20050510T003742.out
 75.0000 	  0.0000 	 75.0000	0.000999	1	#sol24-20050510T003742.out
 80.0000 	  0.0000 	 80.0000	0.000999	4	#sol24-20050510T003743.out
 80.7143 	  0.2041 	 78.5012	0.002998	2	#sol24-20050510T003744.out
 74.0000 	  0.0000 	 74.0000	0.002998	2	#sol24-20050510T003744.out
 80.8571 	  0.1224 	 79.1429	0.002998	3	#sol24-20050510T003745.out
 76.0000 	  0.0000 	 76.0000	0.002998	3	#sol24-20050510T003745.out
 79.0000 	  0.0000 	 79.0000	0.001999	2	#sol24-20050510T003746.out
 81.8571 	  0.1224 	 80.1429	0.001999	2	#sol24-20050510T003748.out
 79.0000 	  0.0000 	 79.0000	0.001999	2	#sol24-20050510T003748.out
 77.0000 	  0.0000 	 77.0000	0.000999	1	#sol24-20050510T003811.out
 82.0000 	  0.0000 	 82.0000	0.001999	2	#sol24-20050510T003813.out
 85.0000 	  0.0000 	 85.0000	0.001999	14	#sol24-20050510T003814.out
 80.0000 	  0.0000 	 80.0000	0.001999	6	#sol24-20050510T003815.out
 80.0000 	  0.0000 	 80.0000	0.001999	6	#sol24-20050510T003815.out
 83.0000 	  0.0000 	 83.0000	0.001998	8	#sol24-20050510T003825.out
 77.0000 	  0.0000 	 77.0000	0.001998	8	#sol24-20050510T003825.out
 80.0000 	  0.0000 	 80.0000	0.000999	1	#sol24-20050510T003826.out
 77.0000 	  0.0000 	 77.0000	0.000999	1	#sol24-20050510T003826.out
 84.7143 	  0.2041 	 82.5012	0.000999	47	#sol24-20050510T003827.out
 79.0000 	  0.0000 	 79.0000	0.000999	47	#sol24-20050510T003827.out
 80.0000 	  0.0000 	 80.0000	0.000999	47	#sol24-20050510T003827.out
 77.8571 	  0.1224 	 76.1429	0.000999	2	#sol24-20050510T003828.out
 70.0000 	  0.0000 	 70.0000	0.000999	2	#sol24-20050510T003828.out
 84.0000 	  0.0000 	 84.0000	0.001999	11	#sol24-20050510T003829.out
 79.0000 	  0.0000 	 79.0000	0.000999	4	#sol24-20050510T003830.out
 83.0000 	  0.0000 	 83.0000	0.000999	4	#sol24-20050510T003831.out
 77.0000 	  0.0000 	 77.0000	0.000999	4	#sol24-20050510T003831.out
 83.0000 	  0.0000 	 83.0000	0.000999	18	#sol24-20050510T003832.out
 80.0000 	  0.0000 	 80.0000	0.000999	18	#sol24-20050510T003832.out
 83.0000 	  0.0000 	 83.0000	0.003998	94	#sol24-20050510T003833.out
 77.0000 	  0.0000 	 77.0000	0.003998	94	#sol24-20050510T003833.out
 77.0000 	  0.0000 	 77.0000	0.003998	94	#sol24-20050510T003833.out
 79.0000 	  0.0000 	 79.0000	0.000999	3	#sol24-20050510T003834.out
 85.0000 	  0.0000 	 85.0000	0.001999	31	#sol24-20050510T003836.out
 85.0000 	  0.0000 	 85.0000	0.000999	98	#sol24-20050510T003937.out
 82.0000 	  0.0000 	 82.0000	0.000999	98	#sol24-20050510T003937.out
 84.0000 	  0.0000 	 84.0000	0.000999	56	#sol24-20050510T003940.out
 77.0000 	  0.0000 	 77.0000	0.000999	56	#sol24-20050510T003940.out
 85.0000 	  0.0000 	 85.0000	0.000999	116	#sol24-20050510T003941.out
 83.0000 	  0.0000 	 83.0000	0.000999	116	#sol24-20050510T003941.out
 79.0000 	  0.0000 	 79.0000	0.000999	116	#sol24-20050510T003941.out
 84.0000 	  0.0000 	 84.0000	0.001998	45	#sol24-20050510T003944.out
 82.0000 	  0.0000 	 82.0000	0.001998	45	#sol24-20050510T003944.out
 76.0000 	  0.0000 	 76.0000	0.001998	45	#sol24-20050510T003944.out
 78.0000 	  0.0000 	 78.0000	0.001998	45	#sol24-20050510T003944.out
 81.0000 	  0.0000 	 81.0000	0.001999	10	#sol24-20050511T192223.out
 78.0000 	  0.0000 	 78.0000	0.001999	10	#sol24-20050511T192223.out
 78.0000 	  0.0000 	 78.0000	0.001999	10	#sol24-20050511T192223.out
 81.0000 	  0.0000 	 81.0000	0.001999	10	#sol24-20050511T192223.out
 78.0000 	  0.0000 	 78.0000	0.001999	10	#sol24-20050511T192223.out
 80.0000 	  0.0000 	 80.0000	0.001999	10	#sol24-20050511T192223.out
 83.1429 	  0.1224 	 81.4286	0.001999	10	#sol24-20050511T192223.out
 81.0000 	  0.0000 	 81.0000	0.001999	10	#sol24-20050511T192223.out
 81.0000 	  0.0000 	 81.0000	0.001999	10	#sol24-20050511T192223.out
