175.0000 	  0.0000 	0	7.038929	232	#sol54-20050603T005004883988000.out
175.0000 	  0.0000 	1	7.038929	232	#sol54-20050603T005004883988000.out
181.0000 	  0.0000 	0	18.916124	769	#sol54-20050603T005027704370000.out
181.0000 	  0.0000 	1	18.916124	769	#sol54-20050603T005027704370000.out
178.0000 	  0.0000 	0	32.896998	1460	#sol54-20050603T005103366057000.out
178.0000 	  0.0000 	1	32.896998	1460	#sol54-20050603T005103366057000.out
180.0000 	  0.0000 	0	27.854764	984	#sol54-20050603T005138066744000.out
180.0000 	  0.0000 	1	27.854764	984	#sol54-20050603T005138066744000.out
189.0000 	  0.0000 	0	36.463455	1439	#sol54-20050603T005217003071000.out
189.0000 	  0.0000 	1	36.463455	1439	#sol54-20050603T005217003071000.out
186.0000 	  0.0000 	0	6.266046	195	#sol54-20050603T005233752566000.out
186.0000 	  0.0000 	1	6.266046	195	#sol54-20050603T005233752566000.out
190.0000 	  0.0000 	0	12.166149	456	#sol54-20050603T005248161894000.out
190.0000 	  0.0000 	1	12.166149	456	#sol54-20050603T005248161894000.out
190.0000 	  0.0000 	0	18.925122	643	#sol54-20050603T005308636909000.out
190.0000 	  0.0000 	1	18.925122	643	#sol54-20050603T005308636909000.out
190.0000 	  0.0000 	0	8.515705	308	#sol54-20050603T010236451740000.out
190.0000 	  0.0000 	1	8.515705	308	#sol54-20050603T010236451740000.out
190.0000 	  0.0000 	0	15.440652	641	#sol54-20050603T010313358046000.out
190.0000 	  0.0000 	1	15.440652	641	#sol54-20050603T010313358046000.out
180.0000 	  0.0000 	0	9.624536	302	#sol54-20050603T010926142671000.out
180.0000 	  0.0000 	1	9.624536	302	#sol54-20050603T010926142671000.out
177.0000 	  0.0000 	0	6.17606	241	#sol54-20050603T010944168102000.out
177.0000 	  0.0000 	1	6.17606	241	#sol54-20050603T010944168102000.out
186.0000 	  0.0000 	0	9.587542	338	#sol54-20050603T011142360443000.out
186.0000 	  0.0000 	1	9.587542	338	#sol54-20050603T011142360443000.out
182.0000 	  0.0000 	0	10.179451	354	#sol54-20050603T011235566334000.out
182.0000 	  0.0000 	1	10.179451	354	#sol54-20050603T011235566334000.out
188.0000 	  0.0000 	0	11.980178	410	#sol54-20050603T011311079491000.out
189.0000 	  0.0000 	0	11.980178	410	#sol54-20050603T011311079491000.out
189.0000 	  0.0000 	1	11.980178	410	#sol54-20050603T011311079491000.out
188.0000 	  0.0000 	1	11.980178	410	#sol54-20050603T011311079491000.out
190.0000 	  0.0000 	0	0.374942	374	#sol54-20050603T012552176267000.out
190.0000 	  0.0000 	1	0.374942	374	#sol54-20050603T012552176267000.out
190.0000 	  0.0000 	0	0.32195	315	#sol54-20050603T012657740088000.out
190.0000 	  0.0000 	1	0.32195	315	#sol54-20050603T012657740088000.out
190.0000 	  0.0000 	0	12.027171	203	#sol54-20050603T013004869231000.out
190.0000 	  0.0000 	1	12.027171	203	#sol54-20050603T013004869231000.out
185.0000 	  0.0000 	0	14.527791	219	#sol54-20050603T013015776404000.out
185.0000 	  0.0000 	1	14.527791	219	#sol54-20050603T013015776404000.out
187.0000 	  0.0000 	0	13.711914	229	#sol54-20050603T013024125967000.out
187.0000 	  0.0000 	1	13.711914	229	#sol54-20050603T013024125967000.out
188.0000 	  0.0000 	0	22.857524	353	#sol54-20050603T013037437047000.out
188.0000 	  0.0000 	1	22.857524	353	#sol54-20050603T013037437047000.out
189.0000 	  0.0000 	0	12.469104	216	#sol54-20050603T013046298698000.out
189.0000 	  0.0000 	1	12.469104	216	#sol54-20050603T013046298698000.out
188.0000 	  0.0000 	0	19.542028	341	#sol54-20050603T013058930863000.out
188.0000 	  0.0000 	1	19.542028	341	#sol54-20050603T013058930863000.out
190.0000 	  0.0000 	0	12.23114	370	#sol54-20050603T014552918881000.out
190.0000 	  0.0000 	1	12.23114	370	#sol54-20050603T014552918881000.out
188.0000 	  0.0000 	0	2.338643	1458	#sol54-20050603T025718528665000.out
188.0000 	  0.0000 	1	2.338643	1458	#sol54-20050603T025718528665000.out
190.0000 	  0.0000 	0	0.360944	579	#sol54-20050603T025750923145000.out
190.0000 	  0.0000 	1	0.360944	579	#sol54-20050603T025750923145000.out
172.0000 	  0.0000 	0	21.020803	858	#sol54-20050603T071953008208000.out
172.0000 	  0.0000 	1	21.020803	858	#sol54-20050603T071953008208000.out
181.0000 	  0.0000 	0	14.674769	587	#sol54-20050603T072029629779000.out
181.0000 	  0.0000 	1	14.674769	587	#sol54-20050603T072029629779000.out
183.0000 	  0.0000 	0	15.678616	728	#sol54-20050603T072106448386000.out
183.0000 	  0.0000 	1	15.678616	728	#sol54-20050603T072106448386000.out
177.0000 	  0.0000 	0	13.483949	536	#sol54-20050603T072137803878000.out
177.0000 	  0.0000 	1	13.483949	536	#sol54-20050603T072137803878000.out
178.0000 	  0.0000 	0	19.084098	717	#sol54-20050603T072219315361000.out
178.0000 	  0.0000 	1	19.084098	717	#sol54-20050603T072219315361000.out
164.0000 	  0.0000 	0	17.187386	693	#sol54-20050603T072258375110000.out
164.0000 	  0.0000 	1	17.187386	693	#sol54-20050603T072258375110000.out
169.0000 	  0.0000 	0	15.016716	494	#sol54-20050603T072331811781000.out
169.0000 	  0.0000 	1	15.016716	494	#sol54-20050603T072331811781000.out
182.0000 	  0.0000 	0	15.510641	641	#sol54-20050603T072405725844000.out
182.0000 	  0.0000 	1	15.510641	641	#sol54-20050603T072405725844000.out
169.0000 	  0.0000 	0	9.856501	324	#sol54-20050603T072428114853000.out
169.0000 	  0.0000 	1	9.856501	324	#sol54-20050603T072428114853000.out
170.0000 	  0.0000 	0	14.559785	595	#sol54-20050603T072500429499000.out
170.0000 	  0.0000 	1	14.559785	595	#sol54-20050603T072500429499000.out
171.0000 	  0.0000 	0	10.009477	377	#sol54-20050603T072523321957000.out
171.0000 	  0.0000 	1	10.009477	377	#sol54-20050603T072523321957000.out
176.0000 	  0.0000 	0	5.537158	154	#sol54-20050603T072535743474000.out
176.0000 	  0.0000 	1	5.537158	154	#sol54-20050603T072535743474000.out
158.0000 	  0.0000 	0	6.884953	200	#sol54-20050603T072550319543000.out
158.0000 	  0.0000 	1	6.884953	200	#sol54-20050603T072550319543000.out
176.0000 	  0.0000 	0	15.902581	622	#sol54-20050603T072625725883000.out
176.0000 	  0.0000 	1	15.902581	622	#sol54-20050603T072625725883000.out
177.0000 	  0.0000 	0	14.130851	543	#sol54-20050603T072700163102000.out
177.0000 	  0.0000 	1	14.130851	543	#sol54-20050603T072700163102000.out
179.0000 	  0.0000 	0	11.028322	398	#sol54-20050603T072725874700000.out
179.0000 	  0.0000 	1	11.028322	398	#sol54-20050603T072725874700000.out
175.0000 	  0.0000 	0	16.496492	568	#sol54-20050603T072802616905000.out
175.0000 	  0.0000 	1	16.496492	568	#sol54-20050603T072802616905000.out
173.0000 	  0.0000 	0	8.038777	213	#sol54-20050603T072820372354000.out
173.0000 	  0.0000 	1	8.038777	213	#sol54-20050603T072820372354000.out
185.0000 	  0.0000 	0	17.038409	642	#sol54-20050603T072857980124000.out
185.0000 	  0.0000 	1	17.038409	642	#sol54-20050603T072857980124000.out
178.0000 	  0.0000 	0	15.850589	551	#sol54-20050603T072931513751000.out
178.0000 	  0.0000 	1	15.850589	551	#sol54-20050603T072931513751000.out
160.0000 	  0.0000 	0	9.680528	320	#sol54-20050603T072953471676000.out
160.0000 	  0.0000 	1	9.680528	320	#sol54-20050603T072953471676000.out
173.0000 	  0.0000 	0	25.90606	1095	#sol54-20050603T073051591061000.out
173.0000 	  0.0000 	1	25.90606	1095	#sol54-20050603T073051591061000.out
172.0000 	  0.0000 	0	16.975418	696	#sol54-20050603T073129861454000.out
172.0000 	  0.0000 	1	16.975418	696	#sol54-20050603T073129861454000.out
175.0000 	  0.0000 	0	18.372206	738	#sol54-20050603T073209912050000.out
175.0000 	  0.0000 	1	18.372206	738	#sol54-20050603T073209912050000.out
181.0000 	  0.0000 	0	5.293195	143	#sol54-20050603T073221619329000.out
181.0000 	  0.0000 	1	5.293195	143	#sol54-20050603T073221619329000.out
179.0000 	  0.0000 	0	11.1793	416	#sol54-20050603T073249029702000.out
179.0000 	  0.0000 	1	11.1793	416	#sol54-20050603T073249029702000.out
179.0000 	  0.0000 	0	18.368206	731	#sol54-20050603T073331608016000.out
179.0000 	  0.0000 	1	18.368206	731	#sol54-20050603T073331608016000.out
173.0000 	  0.0000 	0	18.364207	650	#sol54-20050603T073416234484000.out
173.0000 	  0.0000 	1	18.364207	650	#sol54-20050603T073416234484000.out
168.0000 	  0.0000 	0	25.195169	960	#sol54-20050603T073511351700000.out
168.0000 	  0.0000 	1	25.195169	960	#sol54-20050603T073511351700000.out
180.0000 	  0.0000 	0	13.586934	420	#sol54-20050603T073542676927000.out
180.0000 	  0.0000 	1	13.586934	420	#sol54-20050603T073542676927000.out
185.0000 	  0.0000 	0	24.211319	978	#sol54-20050603T073635416154000.out
185.0000 	  0.0000 	1	24.211319	978	#sol54-20050603T073635416154000.out
179.0000 	  0.0000 	0	8.666682	343	#sol54-20050603T073655091979000.out
179.0000 	  0.0000 	1	8.666682	343	#sol54-20050603T073655091979000.out
176.0000 	  0.0000 	0	19.234075	735	#sol54-20050603T073737064268000.out
176.0000 	  0.0000 	1	19.234075	735	#sol54-20050603T073737064268000.out
170.0000 	  0.0000 	0	8.008781	216	#sol54-20050603T073753379595000.out
170.0000 	  0.0000 	1	8.008781	216	#sol54-20050603T073753379595000.out
180.0000 	  0.0000 	0	26.292002	1117	#sol54-20050603T073853763357000.out
180.0000 	  0.0000 	1	26.292002	1117	#sol54-20050603T073853763357000.out
176.0000 	  0.0000 	0	13.662921	523	#sol54-20050603T073924801946000.out
176.0000 	  0.0000 	1	13.662921	523	#sol54-20050603T073924801946000.out
170.0000 	  0.0000 	0	5.622144	174	#sol54-20050603T073937563167000.out
170.0000 	  0.0000 	1	5.622144	174	#sol54-20050603T073937563167000.out
175.0000 	  0.0000 	0	2.945551	78	#sol54-20050603T073946310162000.out
175.0000 	  0.0000 	1	2.945551	78	#sol54-20050603T073946310162000.out
168.0000 	  0.0000 	0	17.385356	650	#sol54-20050603T074025659883000.out
168.0000 	  0.0000 	1	17.385356	650	#sol54-20050603T074025659883000.out
180.0000 	  0.0000 	0	11.564241	452	#sol54-20050603T074052040613000.out
180.0000 	  0.0000 	1	11.564241	452	#sol54-20050603T074052040613000.out
179.0000 	  0.0000 	0	19.728	799	#sol54-20050603T074136720767000.out
179.0000 	  0.0000 	1	19.728	799	#sol54-20050603T074136720767000.out
179.0000 	  0.0000 	0	4.706283	149	#sol54-20050603T074150019871000.out
179.0000 	  0.0000 	1	4.706283	149	#sol54-20050603T074150019871000.out
174.0000 	  0.0000 	0	9.825505	302	#sol54-20050603T074213799106000.out
174.0000 	  0.0000 	1	9.825505	302	#sol54-20050603T074213799106000.out
171.0000 	  0.0000 	0	5.837111	213	#sol54-20050603T074227978634000.out
171.0000 	  0.0000 	1	5.837111	213	#sol54-20050603T074227978634000.out
172.0000 	  0.0000 	0	13.637926	581	#sol54-20050603T074259639928000.out
172.0000 	  0.0000 	1	13.637926	581	#sol54-20050603T074259639928000.out
181.0000 	  0.0000 	0	19.59902	719	#sol54-20050603T074344864037000.out
181.0000 	  0.0000 	1	19.59902	719	#sol54-20050603T074344864037000.out
177.0000 	  0.0000 	0	11.080315	347	#sol54-20050603T074411441225000.out
177.0000 	  0.0000 	1	11.080315	347	#sol54-20050603T074411441225000.out
173.0000 	  0.0000 	0	9.283588	335	#sol54-20050603T074433315691000.out
173.0000 	  0.0000 	1	9.283588	335	#sol54-20050603T074433315691000.out
178.0000 	  0.0000 	0	23.578414	966	#sol54-20050603T074526943001000.out
178.0000 	  0.0000 	1	23.578414	966	#sol54-20050603T074526943001000.out
175.0000 	  0.0000 	0	28.071731	1098	#sol54-20050603T074628308479000.out
175.0000 	  0.0000 	1	28.071731	1098	#sol54-20050603T074628308479000.out
182.0000 	  0.0000 	0	9.40457	379	#sol54-20050603T100620055247000.out
182.0000 	  0.0000 	1	9.40457	379	#sol54-20050603T100620055247000.out
175.0000 	  0.0000 	0	11.578239	471	#sol54-20050603T100652056056000.out
175.0000 	  0.0000 	1	11.578239	471	#sol54-20050603T100652056056000.out
170.0000 	  0.0000 	0	4.081379	117	#sol54-20050603T100706861919000.out
170.0000 	  0.0000 	1	4.081379	117	#sol54-20050603T100706861919000.out
170.0000 	  0.0000 	0	9.809508	354	#sol54-20050603T100732516488000.out
170.0000 	  0.0000 	1	9.809508	354	#sol54-20050603T100732516488000.out
177.0000 	  0.0000 	0	7.925795	306	#sol54-20050603T100757913415000.out
177.0000 	  0.0000 	1	7.925795	306	#sol54-20050603T100757913415000.out
178.0000 	  0.0000 	0	9.053623	288	#sol54-20050603T100824902116000.out
178.0000 	  0.0000 	1	9.053623	288	#sol54-20050603T100824902116000.out
171.0000 	  0.0000 	0	8.858653	305	#sol54-20050603T100849943556000.out
171.0000 	  0.0000 	1	8.858653	305	#sol54-20050603T100849943556000.out
177.0000 	  0.0000 	0	15.220685	541	#sol54-20050603T100932683659000.out
177.0000 	  0.0000 	1	15.220685	541	#sol54-20050603T100932683659000.out
180.0000 	  0.0000 	0	7.09392	237	#sol54-20050603T100952754877000.out
183.0000 	  0.0000 	0	16.286524	632	#sol54-20050603T101038342331000.out
179.0000 	  0.0000 	0	18.87313	751	#sol54-20050603T101134094205000.out
176.0000 	  0.0000 	0	10.306432	347	#sol54-20050603T101201957397000.out
170.0000 	  0.0000 	0	16.458497	713	#sol54-20050603T101248198460000.out
184.0000 	  0.0000 	0	29.350537	1285	#sol54-20050603T101406660554000.out
170.0000 	  0.0000 	0	11.30428	422	#sol54-20050603T101439267521000.out
185.0000 	  0.0000 	0	13.308976	454	#sol54-20050603T101519281882000.out
170.0000 	  0.0000 	0	19.971962	994	#sol54-20050603T101617907047000.out
182.0000 	  0.0000 	0	8.077771	325	#sol54-20050603T101641645776000.out
174.0000 	  0.0000 	0	13.752909	558	#sol54-20050603T101721442044000.out
174.0000 	  0.0000 	0	23.665401	1020	#sol54-20050603T101826882502000.out
181.0000 	  0.0000 	0	11.249288	447	#sol54-20050603T101858833595000.out
176.0000 	  0.0000 	0	9.26859	331	#sol54-20050603T101923831070000.out
181.0000 	  0.0000 	0	11.314279	445	#sol54-20050603T101955639053000.out
184.0000 	  0.0000 	0	8.771666	322	#sol54-20050603T102023917029000.out
170.0000 	  0.0000 	0	7.419871	254	#sol54-20050603T102044078649000.out
169.0000 	  0.0000 	0	11.70822	399	#sol54-20050603T102118672716000.out
178.0000 	  0.0000 	0	16.488493	689	#sol54-20050603T102203781205000.out
183.0000 	  0.0000 	0	13.695917	564	#sol54-20050603T102244322860000.out
173.0000 	  0.0000 	0	13.93988	611	#sol54-20050603T102326275896000.out
164.0000 	  0.0000 	0	10.428414	442	#sol54-20050603T102354722945000.out
190.8421 	  0.1330 	5121	97.239216	5226	#fail54-20050603T002828697531000.out
190.8421 	  0.1330 	5121	87.891638	5516	#fail54-20050603T003002121201000.out
190.7895 	  0.1662 	10	611.579024	30467	#fail54-20050603T004900958741000.out
190.8421 	  0.1330 	6851	113.501744	7109	#fail54-20050603T095343368260000.out
190.8421 	  0.1330 	6256	108.867449	6317	#fail54-20050603T095847877474000.out
190.8421 	  0.1330 	6657	113.577733	7423	#fail54-20050603T100348722969000.out
