189.52632 	 0.24931 	185.85717	0.035994	695	#sol54-20050509T195402.out
181.00000 	 0.00000 	181.00000	0.035994	695	#sol54-20050509T195402.out
187.105263 	0.199446 	638	0.066989	1255	#sol54-20050509T200445.out
177.000000 	0.000000 	177.000000	0.066989	1255	#sol54-20050509T200445.out
187.157895 	0.238227 	229	0.018996	439	#sol54-20050509T200649.out
173.000000 	0.000000 	173.000000	0.018996	439	#sol54-20050509T200649.out
197.157895 	0.659280 	413	0.165974	2219	#sol54-20050509T203304.out
161.000000 	0.000000 	161.000000	0.165974	2219	#sol54-20050509T203304.out
184.0000 	  0.0000 	184.0000	0.050991	4120	#sol54-20050510T011851.out
187.2105 	  0.1662 	184.2147	0.050991	4120	#sol54-20050510T011851.out
184.0000 	  0.0000 	184.0000	0.050991	4120	#sol54-20050510T011851.out
178.0000 	  0.0000 	178.0000	0.016997	1127	#sol54-20050510T012211.out
188.0000 	  0.6316 	182.1600	0.016997	1127	#sol54-20050510T012211.out
178.0000 	  0.0000 	178.0000	0.016997	1127	#sol54-20050510T012211.out
171.0000 	  0.0000 	171.0000	0.114981	8942	#sol54-20050510T020736.out
187.8947 	  0.1994 	184.6130	0.114981	8942	#sol54-20050510T020736.out
171.0000 	  0.0000 	171.0000	0.114981	8942	#sol54-20050510T020736.out
173.0000 	  0.0000 	173.0000	0.001999	264	#sol54-20050510T020804.out
187.5263 	  0.4598 	182.5432	0.001999	264	#sol54-20050510T020804.out
173.0000 	  0.0000 	173.0000	0.001999	264	#sol54-20050510T020804.out
176.0000 	  0.0000 	176.0000	0.098984	7871	#sol54-20050510T025153.out
187.7895 	  0.1662 	184.7936	0.098984	7871	#sol54-20050510T025153.out
176.0000 	  0.0000 	176.0000	0.098984	7871	#sol54-20050510T025153.out
175.0000 	  0.0000 	175.0000	0.103984	5920	#sol54-20050510T030209.out
187.8421 	  0.1330 	185.1625	0.103984	5920	#sol54-20050510T030209.out
175.0000 	  0.0000 	175.0000	0.103984	5920	#sol54-20050510T030209.out
172.0000 	  0.0000 	172.0000	0.020996	1207	#sol54-20050510T043423.out
186.1053 	  0.0942 	183.8501	0.020996	1207	#sol54-20050510T043423.out
172.0000 	  0.0000 	172.0000	0.020996	1207	#sol54-20050510T043423.out
175.0000 	  0.0000 	175.0000	0.102983	5832	#sol54-20050510T051440.out
187.0000 	  0.1053 	184.6158	0.102983	5832	#sol54-20050510T051440.out
175.0000 	  0.0000 	175.0000	0.102983	5832	#sol54-20050510T051440.out
177.0000 	  0.0000 	177.0000	0.215966	9203	#sol54-20050510T102730.out
189.1053 	  0.3047 	185.0489	0.215966	9203	#sol54-20050510T102730.out
177.0000 	  0.0000 	177.0000	0.215966	9203	#sol54-20050510T102730.out
171.0000 	  0.0000 	171.0000	0.152975	6279	#sol54-20050510T103839.out
172.0000 	  0.0000 	172.0000	0.152975	6279	#sol54-20050510T103839.out
189.0526 	  0.2604 	185.3028	0.152975	6279	#sol54-20050510T103839.out
172.0000 	  0.0000 	172.0000	0.152975	6279	#sol54-20050510T103839.out
170.0000 	  0.0000 	170.0000	540.943763	2749	#sol54-20050510T145307.out
189.5789 	  0.4543 	184.6260	540.943763	2749	#sol54-20050510T145307.out
170.0000 	  0.0000 	170.0000	540.943763	2749	#sol54-20050510T145307.out
171.0000 	  0.0000 	171.0000	0.231964	10408	#sol54-20050510T151128.out
173.0000 	  0.0000 	173.0000	0.231964	10408	#sol54-20050510T151128.out
185.0000 	  0.0000 	185.0000	0.231964	10408	#sol54-20050510T151128.out
189.5789 	  0.3490 	185.2376	0.231964	10408	#sol54-20050510T151128.out
185.0000 	  0.0000 	185.0000	0.231964	10408	#sol54-20050510T151128.out
175.0000 	  0.0000 	175.0000	0.287955	13247	#sol54-20050510T153503.out
169.0000 	  0.0000 	169.0000	0.287955	13247	#sol54-20050510T153503.out
181.0000 	  0.0000 	181.0000	0.287955	13247	#sol54-20050510T153503.out
190.5789 	  0.2438 	186.9508	0.287955	13247	#sol54-20050510T153503.out
181.0000 	  0.0000 	181.0000	0.287955	13247	#sol54-20050510T153503.out
179.0000 	  0.0000 	179.0000	0.083986	3619	#sol54-20050510T154131.out
188.1579 	  0.1330 	185.4783	0.083986	3619	#sol54-20050510T154131.out
179.0000 	  0.0000 	179.0000	0.083986	3619	#sol54-20050510T154131.out
181.0000 	  0.0000 	181.0000	0.163974	7903	#sol54-20050510T162528.out
177.0000 	  0.0000 	177.0000	0.163974	7903	#sol54-20050510T162528.out
188.1579 	  0.1330 	185.4783	0.163974	7903	#sol54-20050510T162528.out
177.0000 	  0.0000 	177.0000	0.163974	7903	#sol54-20050510T162528.out
168.0000 	  0.0000 	168.0000	0.090985	4030	#sol54-20050510T163234.out
188.5789 	  0.2438 	184.9508	0.090985	4030	#sol54-20050510T163234.out
168.0000 	  0.0000 	168.0000	0.090985	4030	#sol54-20050510T163234.out
177.0000 	  0.0000 	177.0000	0.341947	15072	#sol54-20050510T165924.out
171.0000 	  0.0000 	171.0000	0.341947	15072	#sol54-20050510T165924.out
189.0526 	  0.2604 	185.3028	0.341947	15072	#sol54-20050510T165924.out
171.0000 	  0.0000 	171.0000	0.341947	15072	#sol54-20050510T165924.out
174.0000 	  0.0000 	174.0000	0.105983	5218	#sol54-20050510T170840.out
187.8947 	  0.0942 	185.6395	0.105983	5218	#sol54-20050510T170840.out
174.0000 	  0.0000 	174.0000	0.105983	5218	#sol54-20050510T170840.out
176.0000 	  0.0000 	176.0000	0.041993	3212	#sol54-20050510T171410.out
167.0000 	  0.0000 	167.0000	0.041993	3212	#sol54-20050510T171410.out
189.1579 	  0.2382 	185.5712	0.041993	3212	#sol54-20050510T171410.out
167.0000 	  0.0000 	167.0000	0.041993	3212	#sol54-20050510T171410.out
173.0000 	  0.0000 	173.0000	0.041992	2479	#sol54-20050510T171820.out
188.5789 	  0.2438 	184.9508	0.041992	2479	#sol54-20050510T171820.out
173.0000 	  0.0000 	173.0000	0.041992	2479	#sol54-20050510T171820.out
175.0000 	  0.0000 	175.0000	0.153976	8978	#sol54-20050510T173503.out
172.0000 	  0.0000 	172.0000	0.153976	8978	#sol54-20050510T173503.out
189.7895 	  0.2715 	185.9607	0.153976	8978	#sol54-20050510T173503.out
172.0000 	  0.0000 	172.0000	0.153976	8978	#sol54-20050510T173503.out
178.0000 	  0.0000 	178.0000	0.110982	8477	#sol54-20050510T174924.out
189.2105 	  0.2715 	185.3818	0.110982	8477	#sol54-20050510T174924.out
178.0000 	  0.0000 	178.0000	0.110982	8477	#sol54-20050510T174924.out
177.0000 	  0.0000 	177.0000	0.139978	11152	#sol54-20050510T180826.out
189.1579 	  0.1330 	186.4783	0.139978	11152	#sol54-20050510T180826.out
177.0000 	  0.0000 	177.0000	0.139978	11152	#sol54-20050510T180826.out
177.0000 	  0.0000 	177.0000	0.028995	1452	#sol54-20050510T181053.out
187.6842 	  0.3213 	183.5187	0.028995	1452	#sol54-20050510T181053.out
177.0000 	  0.0000 	177.0000	0.028995	1452	#sol54-20050510T181053.out
179.0000 	  0.0000 	179.0000	630.433159	2852	#sol54-20050510T202238.out
187.8421 	  0.2382 	184.2554	630.433159	2852	#sol54-20050510T202238.out
179.0000 	  0.0000 	179.0000	630.433159	2852	#sol54-20050510T202238.out
177.0000 	  0.0000 	177.0000	2662.856183	13492	#sol54-20050510T221529.out
188.7895 	  0.1662 	185.7936	2662.856183	13492	#sol54-20050510T221529.out
177.0000 	  0.0000 	177.0000	2662.856183	13492	#sol54-20050510T221529.out
180.0000 	  0.0000 	180.0000	1845.426452	9305	#sol54-20050510T230118.out
189.5263 	  0.3546 	185.1506	1845.426452	9305	#sol54-20050510T230118.out
180.0000 	  0.0000 	180.0000	1845.426452	9305	#sol54-20050510T230118.out
170.0000 	  0.0000 	170.0000	4.034386	20	#sol54-20050511T000121.out
178.0526 	  0.2604 	174.3028	4.034386	20	#sol54-20050511T000121.out
170.0000 	  0.0000 	170.0000	4.034386	20	#sol54-20050511T000121.out
175.0000 	  0.0000 	175.0000	3288.726036	16644	#sol54-20050511T002934.out
188.9474 	  0.1551 	186.0531	3288.726036	16644	#sol54-20050511T002934.out
175.0000 	  0.0000 	175.0000	3288.726036	16644	#sol54-20050511T002934.out
172.0000 	  0.0000 	172.0000	815.85897	4139	#sol54-20050511T010635.out
189.5789 	  0.3490 	185.2376	815.85897	4139	#sol54-20050511T010635.out
172.0000 	  0.0000 	172.0000	815.85897	4139	#sol54-20050511T010635.out
178.0000 	  0.0000 	178.0000	3005.032164	15081	#sol54-20050511T013220.out
183.0000 	  0.0000 	183.0000	3005.032164	15081	#sol54-20050511T013220.out
188.7895 	  0.1662 	185.7936	3005.032164	15081	#sol54-20050511T013220.out
183.0000 	  0.0000 	183.0000	3005.032164	15081	#sol54-20050511T013220.out
177.0000 	  0.0000 	177.0000	2746.053536	13924	#sol54-20050511T015552.out
173.0000 	  0.0000 	173.0000	2746.053536	13924	#sol54-20050511T015552.out
168.0000 	  0.0000 	168.0000	2746.053536	13924	#sol54-20050511T015552.out
190.0526 	  0.2604 	186.3028	2746.053536	13924	#sol54-20050511T015552.out
168.0000 	  0.0000 	168.0000	2746.053536	13924	#sol54-20050511T015552.out
169.0000 	  0.0000 	169.0000	1517.45831	7719	#sol54-20050511T020854.out
177.0000 	  0.0000 	177.0000	1517.45831	7719	#sol54-20050511T020854.out
188.2105 	  0.1662 	185.2147	1517.45831	7719	#sol54-20050511T020854.out
177.0000 	  0.0000 	177.0000	1517.45831	7719	#sol54-20050511T020854.out
174.0000 	  0.0000 	174.0000	2318.537528	11765	#sol54-20050511T022846.out
189.9474 	  0.2604 	186.1976	2318.537528	11765	#sol54-20050511T022846.out
174.0000 	  0.0000 	174.0000	2318.537528	11765	#sol54-20050511T022846.out
170.0000 	  0.0000 	170.0000	1210.548967	6119	#sol54-20050511T023909.out
186.9474 	  0.0499 	185.3065	1210.548967	6119	#sol54-20050511T023909.out
170.0000 	  0.0000 	170.0000	1210.548967	6119	#sol54-20050511T023909.out
183.0000 	  0.0000 	183.0000	329.74287	1692	#sol54-20050511T154045.out
187.0000 	  0.2105 	183.6283	329.74287	1692	#sol54-20050511T154045.out
183.0000 	  0.0000 	183.0000	329.74287	1692	#sol54-20050511T154045.out
169.0000 	  0.0000 	169.0000	471.979247	2469	#sol54-20050511T161511.out
187.2632 	  0.1939 	184.0273	471.979247	2469	#sol54-20050511T161511.out
169.0000 	  0.0000 	169.0000	471.979247	2469	#sol54-20050511T161511.out
172.0000 	  0.0000 	172.0000	587.00676	2957	#sol54-20050511T175013.out
188.2632 	  0.1939 	185.0273	587.00676	2957	#sol54-20050511T175013.out
172.0000 	  0.0000 	172.0000	587.00676	2957	#sol54-20050511T175013.out
179.0000 	  0.0000 	179.0000	741.65225	3718	#sol54-20050511T175634.out
188.3684 	  0.2327 	184.8237	741.65225	3718	#sol54-20050511T175634.out
179.0000 	  0.0000 	179.0000	741.65225	3718	#sol54-20050511T175634.out
178.0000 	  0.0000 	178.0000	3025.228095	15504	#sol54-20050511T182324.out
189.9474 	  0.3657 	185.5038	3025.228095	15504	#sol54-20050511T182324.out
178.0000 	  0.0000 	178.0000	3025.228095	15504	#sol54-20050511T182324.out
179.1579 	  0.1330 	176.4783	671.131971	2720	#sol54-20050511T195930.out
189.1579 	  0.1330 	186.4783	671.131971	2720	#sol54-20050511T195930.out
174.0000 	  0.0000 	174.0000	671.131971	2720	#sol54-20050511T195930.out
185.0526 	  0.5762 	179.4747	49.492475	206	#sol54-20050511T195957.out
186.0000 	  0.0000 	186.0000	49.492475	206	#sol54-20050511T195957.out
184.8421 	  0.7645 	178.4167	0.134979	6125	#sol54-20050511T200343.out
190.1053 	  0.0942 	187.8501	0.134979	6125	#sol54-20050511T200343.out
185.0000 	  0.0000 	185.0000	0.134979	6125	#sol54-20050511T200343.out
172.1053 	  0.7258 	165.8450	825.433514	3265	#sol54-20050511T201749.out
184.8947 	  0.6205 	179.1062	825.433514	3265	#sol54-20050511T201749.out
190.0526 	  0.2604 	186.3028	825.433514	3265	#sol54-20050511T201749.out
182.0000 	  0.0000 	182.0000	825.433514	3265	#sol54-20050511T201749.out
173.7368 	  0.2992 	169.7175	2399.174269	9496	#sol54-20050511T203811.out
190.1053 	  0.1994 	186.8235	2399.174269	9496	#sol54-20050511T203811.out
173.0000 	  0.0000 	173.0000	2399.174269	9496	#sol54-20050511T203811.out
179.2632 	  0.4044 	174.5899	451.248399	1791	#sol54-20050511T204200.out
188.8947 	  0.1994 	185.6130	451.248399	1791	#sol54-20050511T204200.out
179.0000 	  0.0000 	179.0000	451.248399	1791	#sol54-20050511T204200.out
182.1053 	  0.3047 	178.0489	1880.888061	7264	#sol54-20050511T212757.out
190.1579 	  0.1330 	187.4783	1880.888061	7264	#sol54-20050511T212757.out
181.0000 	  0.0000 	181.0000	1880.888061	7264	#sol54-20050511T212757.out
173.5263 	  0.3546 	169.1506	655.429359	2598	#sol54-20050511T213331.out
189.2632 	  0.1939 	186.0273	655.429359	2598	#sol54-20050511T213331.out
180.0000 	  0.0000 	180.0000	655.429359	2598	#sol54-20050511T213331.out
181.0000 	  0.4211 	176.2317	722.056229	2752	#sol54-20050511T213939.out
189.6316 	  0.2327 	186.0869	722.056229	2752	#sol54-20050511T213939.out
177.0000 	  0.0000 	177.0000	722.056229	2752	#sol54-20050511T213939.out
173.8947 	  0.1994 	170.6130	2376.950648	8973	#sol54-20050511T215948.out
190.0000 	  0.2105 	186.6283	2376.950648	8973	#sol54-20050511T215948.out
181.0000 	  0.0000 	181.0000	2376.950648	8973	#sol54-20050511T215948.out
177.0000 	  0.3158 	172.8705	435.990719	1734	#sol54-20050511T220331.out
187.7368 	  0.5097 	182.4906	435.990719	1734	#sol54-20050511T220331.out
188.0000 	  0.1053 	185.6158	435.990719	1734	#sol54-20050511T220331.out
178.0000 	  0.0000 	178.0000	435.990719	1734	#sol54-20050511T220331.out
183.1579 	  0.2382 	179.5712	201.47537	799	#sol54-20050511T220513.out
188.8421 	  0.2382 	185.2554	201.47537	799	#sol54-20050511T220513.out
175.0000 	  0.0000 	175.0000	201.47537	799	#sol54-20050511T220513.out
180.1579 	  0.5540 	174.6883	567.890666	2258	#sol54-20050511T221003.out
190.0000 	  0.2105 	186.6283	567.890666	2258	#sol54-20050511T221003.out
174.0000 	  0.0000 	174.0000	567.890666	2258	#sol54-20050511T221003.out
188.5789 	  0.4543 	183.6260	60.669776	234	#sol54-20050511T224034.out
189.1053 	  0.1994 	185.8235	60.669776	234	#sol54-20050511T224034.out
177.0000 	  0.0000 	177.0000	60.669776	234	#sol54-20050511T224034.out
177.5789 	  0.8753 	170.7037	1393.610138	5508	#sol54-20050511T225223.out
180.6316 	  0.4432 	175.7394	1393.610138	5508	#sol54-20050511T225223.out
190.6316 	  0.2327 	187.0869	1393.610138	5508	#sol54-20050511T225223.out
177.0000 	  0.0000 	177.0000	1393.610138	5508	#sol54-20050511T225223.out
177.5789 	  0.7701 	171.1303	1056.489388	4226	#sol54-20050511T230121.out
190.0526 	  0.1551 	187.1584	1056.489388	4226	#sol54-20050511T230121.out
178.0000 	  0.0000 	178.0000	1056.489388	4226	#sol54-20050511T230121.out
178.2105 	  0.4820 	173.1088	1039.999895	4190	#sol54-20050511T231012.out
190.3158 	  0.2161 	186.9000	1039.999895	4190	#sol54-20050511T231012.out
185.0000 	  0.0000 	185.0000	1039.999895	4190	#sol54-20050511T231012.out
174.1053 	  0.6205 	168.3167	1803.497826	7088	#sol54-20050511T232530.out
189.8421 	  0.1330 	187.1625	1803.497826	7088	#sol54-20050511T232530.out
182.0000 	  0.0000 	182.0000	1803.497826	7088	#sol54-20050511T232530.out
177.9474 	  0.2604 	174.1976	641.08154	2536	#sol54-20050511T233056.out
188.1579 	  0.1330 	185.4783	641.08154	2536	#sol54-20050511T233056.out
180.0000 	  0.0000 	180.0000	641.08154	2536	#sol54-20050511T233056.out
174.1053 	  0.1994 	170.8235	382.162901	1503	#sol54-20050511T233411.out
187.9474 	  0.0499 	186.3065	382.162901	1503	#sol54-20050511T233411.out
159.0000 	  0.0000 	159.0000	382.162901	1503	#sol54-20050511T233411.out
176.4211 	  1.2964 	168.0541	34.949686	138	#sol54-20050512T125622.out
188.8421 	  0.3435 	184.5353	34.949686	138	#sol54-20050512T125622.out
166.0000 	  0.0000 	166.0000	34.949686	138	#sol54-20050512T125622.out
181.0000 	  0.3158 	176.8705	1013.493925	4044	#sol54-20050512T133458.out
172.9474 	  0.3657 	168.5038	1013.493925	4044	#sol54-20050512T133458.out
190.3158 	  0.2161 	186.9000	1013.493925	4044	#sol54-20050512T133458.out
180.0000 	  0.0000 	180.0000	1013.493925	4044	#sol54-20050512T133458.out
184.2632 	  0.5097 	179.0169	1073.141857	4245	#sol54-20050512T134404.out
187.0000 	  0.0000 	187.0000	1073.141857	4245	#sol54-20050512T134404.out
180.0526 	  0.3657 	175.6091	60.490803	241	#sol54-20050512T134435.out
189.8421 	  0.3435 	185.5353	60.490803	241	#sol54-20050512T134435.out
183.0000 	  0.0000 	183.0000	60.490803	241	#sol54-20050512T134435.out
175.7368 	  0.5097 	170.4906	100.715688	404	#sol54-20050512T134526.out
189.8421 	  0.2382 	186.2554	100.715688	404	#sol54-20050512T134526.out
171.0000 	  0.0000 	171.0000	100.715688	404	#sol54-20050512T134526.out
173.5789 	  0.3490 	169.2376	688.63631	2719	#sol54-20050512T135117.out
190.6842 	  0.2161 	187.2684	688.63631	2719	#sol54-20050512T135117.out
181.0000 	  0.0000 	181.0000	688.63631	2719	#sol54-20050512T135117.out
187.6316 	  0.5485 	182.1894	1757.135874	7018	#sol54-20050512T140613.out
189.1053 	  0.0942 	186.8501	1757.135874	7018	#sol54-20050512T140613.out
184.0000 	  0.0000 	184.0000	1757.135874	7018	#sol54-20050512T140613.out
177.6842 	  0.3213 	173.5187	1291.450668	4831	#sol54-20050512T141710.out
189.2105 	  0.1662 	186.2147	1291.450668	4831	#sol54-20050512T141710.out
179.0000 	  0.0000 	179.0000	1291.450668	4831	#sol54-20050512T141710.out
185.1579 	  0.5540 	179.6883	2316.825788	9147	#sol54-20050512T143649.out
189.8421 	  0.1330 	187.1625	2316.825788	9147	#sol54-20050512T143649.out
175.0000 	  0.0000 	175.0000	2316.825788	9147	#sol54-20050512T143649.out
179.1053 	  0.5152 	173.8305	1512.508063	5997	#sol54-20050512T151942.out
189.7368 	  0.1939 	186.5010	1512.508063	5997	#sol54-20050512T151942.out
174.0000 	  0.0000 	174.0000	1512.508063	5997	#sol54-20050512T151942.out
178.0000 	  0.5263 	172.6689	183.314131	1710	#sol54-20050512T152700.out
189.2105 	  0.2715 	185.3818	183.314131	1710	#sol54-20050512T152700.out
177.0000 	  0.0000 	177.0000	183.314131	1710	#sol54-20050512T152700.out
169.2632 	  0.2992 	165.2438	857.196686	7998	#sol54-20050512T154118.out
190.0000 	  0.1053 	187.6158	857.196686	7998	#sol54-20050512T154118.out
173.0000 	  0.0000 	173.0000	857.196686	7998	#sol54-20050512T154118.out
178.7895 	  0.7978 	172.2259	608.702462	5592	#sol54-20050512T155126.out
190.1579 	  0.1330 	187.4783	608.702462	5592	#sol54-20050512T155126.out
179.0000 	  0.0000 	179.0000	608.702462	5592	#sol54-20050512T155126.out
178.0000 	  0.5263 	172.6689	423.925552	3536	#sol54-20050512T162831.out
190.3158 	  0.2161 	186.9000	423.925552	3536	#sol54-20050512T162831.out
180.0000 	  0.0000 	180.0000	423.925552	3536	#sol54-20050512T162831.out
176.0000 	  0.4211 	171.2317	1442.516703	11544	#sol54-20050512T165233.out
177.2105 	  0.6925 	171.0953	1442.516703	11544	#sol54-20050512T165233.out
190.0526 	  0.1551 	187.1584	1442.516703	11544	#sol54-20050512T165233.out
179.0000 	  0.0000 	179.0000	1442.516703	11544	#sol54-20050512T165233.out
178.0000 	  0.5263 	172.6689	392.76729	3536	#sol54-20050512T165906.out
190.3158 	  0.2161 	186.9000	392.76729	3536	#sol54-20050512T165906.out
180.0000 	  0.0000 	180.0000	392.76729	3536	#sol54-20050512T165906.out
176.0526 	  0.5762 	170.4747	302.446021	2181	#sol54-20050512T170410.out
190.3158 	  0.2161 	186.9000	302.446021	2181	#sol54-20050512T170410.out
169.0000 	  0.0000 	169.0000	302.446021	2181	#sol54-20050512T170410.out
185.0526 	  0.3657 	180.6091	33.648883	201	#sol54-20050512T170444.out
188.8947 	  0.1994 	185.6130	33.648883	201	#sol54-20050512T170444.out
178.0000 	  0.0000 	178.0000	33.648883	201	#sol54-20050512T170444.out
171.2632 	  0.4044 	166.5899	1613.88865	11661	#sol54-20050512T173138.out
178.5263 	  0.5651 	173.0023	1613.88865	11661	#sol54-20050512T173138.out
189.8421 	  0.1330 	187.1625	1613.88865	11661	#sol54-20050512T173138.out
183.0000 	  0.0000 	183.0000	1613.88865	11661	#sol54-20050512T173138.out
181.1579 	  0.3435 	176.8511	148.435433	1374	#sol54-20050512T173406.out
188.8947 	  0.0942 	186.6395	148.435433	1374	#sol54-20050512T173406.out
179.0000 	  0.0000 	179.0000	148.435433	1374	#sol54-20050512T173406.out
177.9474 	  0.6814 	171.8813	587.537679	5462	#sol54-20050512T174354.out
189.7368 	  0.1939 	186.5010	587.537679	5462	#sol54-20050512T174354.out
171.0000 	  0.0000 	171.0000	587.537679	5462	#sol54-20050512T174354.out
188.2105 	  0.5873 	182.5792	851.251589	7987	#sol54-20050512T175805.out
190.1579 	  0.1330 	187.4783	851.251589	7987	#sol54-20050512T175805.out
183.0000 	  0.0000 	183.0000	851.251589	7987	#sol54-20050512T175805.out
178.2105 	  1.0083 	170.8316	178.350886	1625	#sol54-20050512T180103.out
188.5789 	  0.2438 	184.9508	178.350886	1625	#sol54-20050512T180103.out
174.0000 	  0.0000 	174.0000	178.350886	1625	#sol54-20050512T180103.out
184.8947 	  0.3047 	180.8383	1609.81227	14691	#sol54-20050512T182753.out
190.0000 	  0.1053 	187.6158	1609.81227	14691	#sol54-20050512T182753.out
180.0000 	  0.0000 	180.0000	1609.81227	14691	#sol54-20050512T182753.out
186.0526 	  0.6814 	179.9865	315.482038	2912	#sol54-20050512T183309.out
182.7368 	  0.6150 	176.9742	315.482038	2912	#sol54-20050512T183309.out
190.1053 	  0.1994 	186.8235	315.482038	2912	#sol54-20050512T183309.out
175.0000 	  0.0000 	175.0000	315.482038	2912	#sol54-20050512T183309.out
182.5263 	  0.4598 	177.5432	689.204224	6534	#sol54-20050512T184438.out
189.7895 	  0.1662 	186.7936	689.204224	6534	#sol54-20050512T184438.out
182.0000 	  0.0000 	182.0000	689.204224	6534	#sol54-20050512T184438.out
177.4737 	  0.3546 	173.0980	1057.66221	9874	#sol54-20050512T190216.out
175.4737 	  0.5651 	169.9496	1057.66221	9874	#sol54-20050512T190216.out
190.2105 	  0.1662 	187.2147	1057.66221	9874	#sol54-20050512T190216.out
184.0000 	  0.0000 	184.0000	1057.66221	9874	#sol54-20050512T190216.out
171.0526 	  0.4709 	166.0099	545.780028	5036	#sol54-20050512T191121.out
189.9474 	  0.1551 	187.0531	545.780028	5036	#sol54-20050512T191121.out
177.0000 	  0.0000 	177.0000	545.780028	5036	#sol54-20050512T191121.out
179.6842 	  0.5319 	174.3251	367.670105	3453	#sol54-20050512T191729.out
190.0526 	  0.1551 	187.1584	367.670105	3453	#sol54-20050512T191729.out
177.0000 	  0.0000 	177.0000	367.670105	3453	#sol54-20050512T191729.out
181.9474 	  0.0499 	180.3065	239.797545	5059	#sol54-20050517T161808.out
190.2105 	  0.1662 	187.2147	239.797545	5059	#sol54-20050517T161808.out
181.0000 	  0.0000 	181.0000	239.797545	5059	#sol54-20050517T161808.out
178.6316 	  0.7590 	172.2295	342.992856	6912	#sol54-20050517T162150.out
189.1579 	  0.1330 	186.4783	342.992856	6912	#sol54-20050517T162150.out
171.0000 	  0.0000 	171.0000	342.992856	6912	#sol54-20050517T162150.out
178.2632 	  0.4044 	173.5899	31.788166	619	#sol54-20050517T162210.out
189.2105 	  0.2715 	185.3818	31.788166	619	#sol54-20050517T162210.out
175.0000 	  0.0000 	175.0000	31.788166	619	#sol54-20050517T162210.out
174.6316 	  0.3380 	170.3597	412.904228	8538	#sol54-20050517T162655.out
189.0526 	  0.0499 	187.4117	412.904228	8538	#sol54-20050517T162655.out
179.0000 	  0.0000 	179.0000	412.904228	8538	#sol54-20050517T162655.out
175.8421 	  0.1330 	173.1625	658.12195	13924	#sol54-20050517T163437.out
188.8947 	  0.0942 	186.6395	658.12195	13924	#sol54-20050517T163437.out
173.0000 	  0.0000 	173.0000	658.12195	13924	#sol54-20050517T163437.out
179.5263 	  0.3546 	175.1506	809.725902	17314	#sol54-20050517T164408.out
166.0000 	  1.0526 	158.4606	809.725902	17314	#sol54-20050517T164408.out
190.3158 	  0.2161 	186.9000	809.725902	17314	#sol54-20050517T164408.out
167.0000 	  0.0000 	167.0000	809.725902	17314	#sol54-20050517T164408.out
183.7368 	  0.4044 	179.0636	783.330915	15959	#sol54-20050517T165301.out
188.8947 	  0.0942 	186.6395	783.330915	15959	#sol54-20050517T165301.out
181.0000 	  0.0000 	181.0000	783.330915	15959	#sol54-20050517T165301.out
181.6842 	  0.3213 	177.5187	252.467618	5130	#sol54-20050517T165550.out
190.3158 	  0.2161 	186.9000	252.467618	5130	#sol54-20050517T165550.out
179.0000 	  0.0000 	179.0000	252.467618	5130	#sol54-20050517T165550.out
178.6316 	  0.3380 	174.3597	18.560178	354	#sol54-20050517T165602.out
189.2105 	  0.2715 	185.3818	18.560178	354	#sol54-20050517T165602.out
171.0000 	  0.0000 	171.0000	18.560178	354	#sol54-20050517T165602.out
187.4737 	  0.3546 	183.0980	25.023195	550	#sol54-20050517T165621.out
187.9474 	  0.1551 	185.0531	25.023195	550	#sol54-20050517T165621.out
178.0000 	  0.0000 	178.0000	25.023195	550	#sol54-20050517T165621.out
187.7368 	  0.5097 	182.4906	223.755983	4523	#sol54-20050517T165850.out
181.6316 	  0.8643 	174.8000	223.755983	4523	#sol54-20050517T165850.out
189.8421 	  0.1330 	187.1625	223.755983	4523	#sol54-20050517T165850.out
181.0000 	  0.0000 	181.0000	223.755983	4523	#sol54-20050517T165850.out
169.5789 	  0.4543 	164.6260	398.762378	8072	#sol54-20050517T170310.out
186.1053 	  0.4100 	181.4001	398.762378	8072	#sol54-20050517T170310.out
189.0000 	  0.0000 	189.0000	398.762378	8072	#sol54-20050517T170310.out
180.6316 	  0.7590 	174.2295	332.021524	6794	#sol54-20050517T170650.out
190.0526 	  0.1551 	187.1584	332.021524	6794	#sol54-20050517T170650.out
168.0000 	  0.0000 	168.0000	332.021524	6794	#sol54-20050517T170650.out
175.7368 	  0.5097 	170.4906	352.394427	7262	#sol54-20050517T171054.out
189.1053 	  0.0942 	186.8501	352.394427	7262	#sol54-20050517T171054.out
178.0000 	  0.0000 	178.0000	352.394427	7262	#sol54-20050517T171054.out
175.2105 	  0.6925 	169.0953	269.994954	5751	#sol54-20050517T171407.out
190.1053 	  0.1994 	186.8235	269.994954	5751	#sol54-20050517T171407.out
172.0000 	  0.0000 	172.0000	269.994954	5751	#sol54-20050517T171407.out
177.2632 	  0.5097 	172.0169	26.835919	542	#sol54-20050517T171426.out
189.6316 	  0.2327 	186.0869	26.835919	542	#sol54-20050517T171426.out
179.0000 	  0.0000 	179.0000	26.835919	542	#sol54-20050517T171426.out
174.7895 	  0.4820 	169.6877	273.079484	5550	#sol54-20050517T171728.out
189.2105 	  0.1662 	186.2147	273.079484	5550	#sol54-20050517T171728.out
189.0000 	  0.0000 	189.0000	273.079484	5550	#sol54-20050517T171728.out
180.6316 	  0.8643 	173.8000	64.740157	1337	#sol54-20050517T171812.out
189.3158 	  0.2161 	185.9000	64.740157	1337	#sol54-20050517T171812.out
177.0000 	  0.0000 	177.0000	64.740157	1337	#sol54-20050517T171812.out
174.0526 	  0.4709 	169.0099	30.511361	640	#sol54-20050517T171834.out
189.1053 	  0.1994 	185.8235	30.511361	640	#sol54-20050517T171834.out
173.0000 	  0.0000 	173.0000	30.511361	640	#sol54-20050517T171834.out
175.2105 	  0.4820 	170.1088	641.640455	13255	#sol54-20050517T172546.out
190.0000 	  0.1053 	187.6158	641.640455	13255	#sol54-20050517T172546.out
176.0000 	  0.0000 	176.0000	641.640455	13255	#sol54-20050517T172546.out
181.0000 	  0.0000 	181.0000	0.25396	17560	#fail54-20050510T015211.out
166.0000 	  0.0000 	166.0000	0.25396	17560	#fail54-20050510T015211.out
188.1053 	  0.0942 	185.8501	0.25396	17560	#fail54-20050510T015211.out
170.0000 	  0.0000 	170.0000	0.228964	17239	#fail54-20050510T023804.out
177.0000 	  0.0000 	177.0000	0.228964	17239	#fail54-20050510T023804.out
190.2105 	  0.1662 	187.2147	0.228964	17239	#fail54-20050510T023804.out
174.0000 	  0.0000 	174.0000	0.52192	16486	#fail54-20050510T033209.out
189.6842 	  0.2161 	186.2684	0.52192	16486	#fail54-20050510T033209.out
189.1579 	  0.1330 	186.4783	0.562914	16124	#fail54-20050510T040209.out
176.0000 	  0.0000 	176.0000	0.509922	16368	#fail54-20050510T043209.out
189.5789 	  0.2438 	185.9508	0.509922	16368	#fail54-20050510T043209.out
187.0526 	  0.0499 	185.4117	0.286956	16787	#fail54-20050510T050423.out
171.0000 	  0.0000 	171.0000	0.211967	17920	#fail54-20050510T101102.out
188.8947 	  0.0942 	186.6395	0.211967	17920	#fail54-20050510T101102.out
189.0000 	  0.2105 	185.6283	0.357945	16728	#fail54-20050510T161131.out
189.0000 	  0.1053 	186.6158	0.241962	17643	#fail54-20050510T184053.out
172.0000 	  0.0000 	172.0000	3500.305872	17667	#fail54-20050510T194714.out
189.6842 	  0.2161 	186.2684	3500.305872	17667	#fail54-20050510T194714.out
185.9474 	  0.0499 	184.3065	3497.810251	17797	#fail54-20050510T201715.out
161.7895 	717.0083 		0.000999	0	#fail54-20050510T205238.out
170.7895 	1475.1136 		0.001999	0	#fail54-20050510T212238.out
161.8421 	1235.1856 		0.001999	0	#fail54-20050510T215238.out
189.0526 	  0.0499 	187.4117	3500.564833	17832	#fail54-20050510T224529.out
163.0000 	  0.0000 	163.0000	3497.453305	17603	#fail54-20050510T233119.out
188.9474 	  0.1551 	186.0531	3497.453305	17603	#fail54-20050510T233119.out
173.7895 	1803.3241 		0.001999	0	#fail54-20050511T000119.out
172.0000 	  0.0000 	172.0000	3499.06506	17794	#fail54-20050511T005934.out
189.7368 	  0.1939 	186.5010	3499.06506	17794	#fail54-20050511T005934.out
189.5263 	  0.2493 	185.8572	3177.457952	16728	#fail54-20050511T143740.out
189.6316 	  0.2327 	186.0869	3382.24282	17305	#fail54-20050511T150740.out
168.0000 	1162.6316 		0.001998	0	#fail54-20050511T153740.out
188.0526 	  0.0499 	186.4117	3202.7961	16913	#fail54-20050511T161046.out
158.2105 	1142.9030 		0.000999	0	#fail54-20050511T164511.out
161.8421 	1235.1856 		0.000999	0	#fail54-20050511T171511.out
169.8947 	1079.1468 		0.001999	0	#fail54-20050511T174511.out
164.4211 	855.2964 		0.000999	0	#fail54-20050511T185324.out
159.5263 	1069.0914 		0.001998	0	#fail54-20050511T192324.out
189.2632 	  0.1939 	186.0273	3198.640731	16979	#fail54-20050511T195324.out
178.1579 	  0.3435 	173.8511	0.178972	13487	#fail54-20050511T205455.out
189.7895 	  0.1662 	186.7936	0.178972	13487	#fail54-20050511T205455.out
177.6316 	  0.6537 	171.6900	3534.185721	14187	#fail54-20050511T211201.out
190.1579 	  0.1330 	187.4783	3534.185721	14187	#fail54-20050511T211201.out
190.1579 	  0.1330 	187.4783	3538.376084	13394	#fail54-20050511T224003.out
189.8947 	  0.0942 	187.6395	3533.99475	14030	#fail54-20050512T000411.out
172.3158 	  0.3213 	168.1502	3537.477221	14059	#fail54-20050512T125604.out
181.2105 	  0.5873 	175.5792	3537.477221	14059	#fail54-20050512T125604.out
171.8421 	  0.4488 	166.9194	3537.477221	14059	#fail54-20050512T125604.out
189.8421 	  0.1330 	187.1625	3537.477221	14059	#fail54-20050512T125604.out
180.2632 	  1.5623 	171.0781	3533.520822	14062	#fail54-20050512T132622.out
190.2105 	  0.1662 	187.2147	3533.520822	14062	#fail54-20050512T132622.out
188.9474 	  0.0499 	187.3065	3531.990055	14155	#fail54-20050512T150650.out
190.0000 	  0.1053 	187.6158	1800.122339	16754	#fail54-20050512T162127.out
