281.0000 	  0.0000 	0	431.601386	5803	#sol80-20050602T172702716620000.out
281.0000 	  0.0000 	1	431.601386	5803	#sol80-20050602T172702716620000.out
281.0000 	  0.0000 	0	68.910523	2496	#sol80-20050603T002636673286000.out
281.0000 	  0.0000 	1	68.910523	2496	#sol80-20050603T002636673286000.out
281.0000 	  0.0000 	0	8.446715	200	#sol80-20050603T002719292155000.out
281.0000 	  0.0000 	1	8.446715	200	#sol80-20050603T002719292155000.out
271.0000 	  0.0000 	0	176.67814	2228	#sol80-20050603T005548863561000.out
271.0000 	  0.0000 	1	176.67814	2228	#sol80-20050603T005548863561000.out
264.0000 	  0.0000 	0	100.926656	1219	#sol80-20050603T005653361716000.out
264.0000 	  0.0000 	1	100.926656	1219	#sol80-20050603T005653361716000.out
276.0000 	  0.0000 	0	47.379796	1256	#sol80-20050603T010128026378000.out
276.0000 	  0.0000 	1	47.379796	1256	#sol80-20050603T010128026378000.out
271.0000 	  0.0000 	0	141.499488	5007	#sol80-20050603T010353626384000.out
271.0000 	  0.0000 	1	141.499488	5007	#sol80-20050603T010353626384000.out
267.0000 	  0.0000 	0	452.123266	6698	#sol80-20050603T010522342789000.out
267.0000 	  0.0000 	1	452.123266	6698	#sol80-20050603T010522342789000.out
264.0000 	  0.0000 	0	30.706331	853	#sol80-20050603T011103714005000.out
264.0000 	  0.0000 	1	30.706331	853	#sol80-20050603T011103714005000.out
280.0000 	  0.0000 	0	18.854133	449	#sol80-20050603T012708317287000.out
280.0000 	  0.0000 	1	18.854133	449	#sol80-20050603T012708317287000.out
280.0000 	  0.0000 	0	13.965876	311	#sol80-20050603T012743797390000.out
280.0000 	  0.0000 	1	13.965876	311	#sol80-20050603T012743797390000.out
280.0000 	  0.0000 	0	28.186714	618	#sol80-20050603T014204350785000.out
280.0000 	  0.0000 	1	28.186714	618	#sol80-20050603T014204350785000.out
280.0000 	  0.0000 	0	163.755104	2136	#sol80-20050603T014319829663000.out
280.0000 	  0.0000 	1	163.755104	2136	#sol80-20050603T014319829663000.out
280.0000 	  0.0000 	0	68.489587	2069	#sol80-20050603T014510468367000.out
280.0000 	  0.0000 	1	68.489587	2069	#sol80-20050603T014510468367000.out
279.0000 	  0.0000 	0	170.913016	5217	#sol80-20050603T015203041191000.out
279.0000 	  0.0000 	1	170.913016	5217	#sol80-20050603T015203041191000.out
279.0000 	  0.0000 	0	72.318005	2005	#sol80-20050603T015441312520000.out
279.0000 	  0.0000 	1	72.318005	2005	#sol80-20050603T015441312520000.out
278.0000 	  0.0000 	0	21.013804	389	#sol80-20050603T022546912977000.out
278.0000 	  0.0000 	1	21.013804	389	#sol80-20050603T022546912977000.out
280.0000 	  0.0000 	0	63.798301	1823	#sol80-20050603T024256656140000.out
280.0000 	  0.0000 	1	63.798301	1823	#sol80-20050603T024256656140000.out
279.0000 	  0.0000 	0	186.039716	5769	#sol80-20050603T025847015667000.out
279.0000 	  0.0000 	1	186.039716	5769	#sol80-20050603T025847015667000.out
280.0000 	  0.0000 	0	3.601451	2037	#sol80-20050603T030137091351000.out
280.0000 	  0.0000 	1	3.601451	2037	#sol80-20050603T030137091351000.out
280.0000 	  0.0000 	0	2.254656	3494	#sol80-20050603T030504092734000.out
280.0000 	  0.0000 	1	2.254656	3494	#sol80-20050603T030504092734000.out
281.0000 	  0.0000 	0	94.352656	3153	#sol80-20050603T031035597986000.out
281.0000 	  0.0000 	1	94.352656	3153	#sol80-20050603T031035597986000.out
258.0000 	  0.0000 	0	182.107314	5466	#sol80-20050603T031659386726000.out
258.0000 	  0.0000 	1	182.107314	5466	#sol80-20050603T031659386726000.out
236.0000 	  0.0000 	0	18.951118	11037	#sol80-20050603T031724201266000.out
236.0000 	  0.0000 	1	18.951118	11037	#sol80-20050603T031724201266000.out
266.0000 	  0.0000 	0	93.780743	2989	#sol80-20050603T032205707852000.out
266.0000 	  0.0000 	1	93.780743	2989	#sol80-20050603T032205707852000.out
281.0000 	  0.0000 	0	4.193361	2146	#sol80-20050603T032402258532000.out
281.0000 	  0.0000 	1	4.193361	2146	#sol80-20050603T032402258532000.out
262.0000 	  0.0000 	0	199.515668	6949	#sol80-20050603T032530723707000.out
262.0000 	  0.0000 	1	199.515668	6949	#sol80-20050603T032530723707000.out
263.0000 	  0.0000 	0	37.185346	993	#sol80-20050603T033231593754000.out
263.0000 	  0.0000 	1	37.185346	993	#sol80-20050603T033231593754000.out
253.0000 	  0.0000 	0	90.295272	2619	#sol80-20050603T035038057231000.out
253.0000 	  0.0000 	1	90.295272	2619	#sol80-20050603T035038057231000.out
255.0000 	  0.0000 	0	265.542631	9213	#sol80-20050603T040022358576000.out
255.0000 	  0.0000 	1	265.542631	9213	#sol80-20050603T040022358576000.out
264.0000 	  0.0000 	0	123.300254	3946	#sol80-20050603T040446829267000.out
264.0000 	  0.0000 	1	123.300254	3946	#sol80-20050603T040446829267000.out
255.0000 	  0.0000 	0	224.007945	7224	#sol80-20050603T042750548873000.out
255.0000 	  0.0000 	1	224.007945	7224	#sol80-20050603T042750548873000.out
261.0000 	  0.0000 	0	130.947092	3982	#sol80-20050603T043232894097000.out
261.0000 	  0.0000 	1	130.947092	3982	#sol80-20050603T043232894097000.out
256.0000 	  0.0000 	0	317.088794	11087	#sol80-20050603T044407695405000.out
256.0000 	  0.0000 	1	317.088794	11087	#sol80-20050603T044407695405000.out
253.0000 	  0.0000 	0	337.157744	11322	#sol80-20050603T045624560165000.out
253.0000 	  0.0000 	1	337.157744	11322	#sol80-20050603T045624560165000.out
262.0000 	  0.0000 	0	120.933614	3915	#sol80-20050603T050048752611000.out
262.0000 	  0.0000 	1	120.933614	3915	#sol80-20050603T050048752611000.out
242.0000 	  0.0000 	0	92.198982	2559	#sol80-20050603T051904640806000.out
242.0000 	  0.0000 	1	92.198982	2559	#sol80-20050603T051904640806000.out
252.0000 	  0.0000 	0	135.054468	4187	#sol80-20050603T052401829868000.out
252.0000 	  0.0000 	1	135.054468	4187	#sol80-20050603T052401829868000.out
259.0000 	  0.0000 	0	45.414095	1408	#sol80-20050603T052542748460000.out
259.0000 	  0.0000 	1	45.414095	1408	#sol80-20050603T052542748460000.out
261.0000 	  0.0000 	0	353.319286	12769	#sol80-20050603T053836215334000.out
261.0000 	  0.0000 	1	353.319286	12769	#sol80-20050603T053836215334000.out
255.0000 	  0.0000 	0	144.31306	4251	#sol80-20050603T061349498391000.out
255.0000 	  0.0000 	1	144.31306	4251	#sol80-20050603T061349498391000.out
262.0000 	  0.0000 	0	59.351976	1802	#sol80-20050603T061603850485000.out
262.0000 	  0.0000 	1	59.351976	1802	#sol80-20050603T061603850485000.out
249.0000 	  0.0000 	0	204.768869	6366	#sol80-20050603T062332807541000.out
249.0000 	  0.0000 	1	204.768869	6366	#sol80-20050603T062332807541000.out
259.0000 	  0.0000 	0	72.829927	2010	#sol80-20050603T062602503807000.out
259.0000 	  0.0000 	1	72.829927	2010	#sol80-20050603T062602503807000.out
252.0000 	  0.0000 	0	136.547241	5030	#sol80-20050603T063109620074000.out
252.0000 	  0.0000 	1	136.547241	5030	#sol80-20050603T063109620074000.out
261.0000 	  0.0000 	0	59.282987	1626	#sol80-20050603T063322092078000.out
261.0000 	  0.0000 	1	59.282987	1626	#sol80-20050603T063322092078000.out
257.0000 	  0.0000 	0	93.193831	2688	#sol80-20050603T063639107968000.out
257.0000 	  0.0000 	1	93.193831	2688	#sol80-20050603T063639107968000.out
258.0000 	  0.0000 	0	171.965856	5679	#sol80-20050603T064250517348000.out
258.0000 	  0.0000 	1	171.965856	5679	#sol80-20050603T064250517348000.out
248.0000 	  0.0000 	0	68.875529	2025	#sol80-20050603T064521170312000.out
248.0000 	  0.0000 	1	68.875529	2025	#sol80-20050603T064521170312000.out
261.0000 	  0.0000 	0	290.829786	10148	#sol80-20050603T071044206690000.out
261.0000 	  0.0000 	1	290.829786	10148	#sol80-20050603T071044206690000.out
255.0000 	  0.0000 	0	222.427184	8393	#sol80-20050603T071905912653000.out
255.0000 	  0.0000 	1	222.427184	8393	#sol80-20050603T071905912653000.out
281.0000 	  0.0000 	0	253.688433	4194	#sol80-20050603T092408240581000.out
281.0000 	  0.0000 	1	253.688433	4194	#sol80-20050603T092408240581000.out
281.0000 	  0.0000 	0	136.535242	2186	#sol80-20050603T092518815668000.out
281.0000 	  0.0000 	1	136.535242	2186	#sol80-20050603T092518815668000.out
281.0000 	  0.0000 	0	697.489964	12410	#sol80-20050603T100127567501000.out
281.0000 	  0.0000 	1	697.489964	12410	#sol80-20050603T100127567501000.out
281.0000 	  0.0000 	0	164.276025	3208	#sol80-20050603T100302561723000.out
281.0000 	  0.0000 	1	164.276025	3208	#sol80-20050603T100302561723000.out
281.0000 	  0.0000 	0	208.248341	3902	#sol80-20050603T100457711238000.out
281.0000 	  0.0000 	1	208.248341	3902	#sol80-20050603T100457711238000.out
260.0000 	  0.0000 	0	274.458275	10116	#sol80-20050603T102012174662000.out
260.0000 	  0.0000 	1	274.458275	10116	#sol80-20050603T102012174662000.out
258.0000 	  0.0000 	0	142.224378	4960	#sol80-20050603T102614238780000.out
267.0000 	  0.0000 	0	264.140844	4338	#sol80-20050603T102906294671000.out
260.0000 	  0.0000 	0	120.078745	1805	#sol80-20050603T103720039474000.out
250.0000 	  0.0000 	0	320.896216	5027	#sol80-20050603T104006309959000.out
254.0000 	  0.0000 	0	104.202158	1523	#sol80-20050603T110308276233000.out
273.0000 	  0.0000 	0	220.087541	9241	#sol80-20050603T110520748822000.out
280.0000 	  0.0000 	0	26.723937	860	#sol80-20050603T110617890349000.out
254.0000 	  0.0000 	0	397.547563	6277	#sol80-20050603T110630975664000.out
280.0000 	  0.0000 	0	43.163438	1369	#sol80-20050603T110839818118000.out
279.0000 	  0.0000 	0	40.861787	1263	#sol80-20050603T111044140765000.out
280.0000 	  0.0000 	0	94.063699	1509	#sol80-20050603T111432538834000.out
279.0000 	  0.0000 	0	55.005637	796	#sol80-20050603T111500352415000.out
279.0000 	  0.0000 	0	58.93304	1909	#sol80-20050603T112853304814000.out
280.0000 	  0.0000 	0	134.471556	5667	#sol80-20050603T113418597312000.out
280.0000 	  0.0000 	0	1027.045865	16823	#sol80-20050603T114654739080000.out
279.0000 	  0.0000 	0	146.256765	2361	#sol80-20050603T114810489243000.out
280.0000 	  0.0000 	0	144.850978	2427	#sol80-20050603T114923518441000.out
279.0000 	  0.0000 	0	149.810224	2353	#sol80-20050603T115039020822000.out
280.0000 	  0.0000 	0	145.253917	2381	#sol80-20050603T115152977329000.out
280.0000 	  0.0000 	0	113.546737	1702	#sol80-20050603T115251502997000.out
279.0000 	  0.0000 	0	111.602033	1377	#sol80-20050603T115348873020000.out
280.0000 	  0.0000 	0	75.020594	1134	#sol80-20050603T115427627355000.out
280.0000 	  0.0000 	0	103.035335	3803	#sol80-20050603T115444875123000.out
281.0000 	  0.0000 	0	89.946325	1396	#sol80-20050603T121014203469000.out
280.0000 	  0.0000 	0	197.769933	7582	#sol80-20050603T121717518117000.out
280.0000 	  0.0000 	0	90.255279	1389	#sol80-20050603T122645872564000.out
280.0000 	  0.0000 	0	254.025381	4151	#sol80-20050603T122857035186000.out
281.0000 	  0.0000 	0	56.63039	878	#sol80-20050603T122926354616000.out
280.0000 	  0.0000 	0	61.616632	2013	#sol80-20050603T125100722524000.out
279.0000 	  0.0000 	0	34.702723	1185	#sol80-20050603T125248454880000.out
280.0000 	  0.0000 	0	29.162565	841	#sol80-20050603T130520932427000.out
280.0000 	  0.0000 	0	65.259078	2595	#sol80-20050603T130859995218000.out
278.0000 	  0.0000 	0	289.801943	11860	#sol80-20050603T131841991122000.out
277.2000 	  0.2933 	8	21.072796	212	#fail80-20050602T183403680214000.out
281.0333 	  0.0322 	5121	176.233208	6542	#fail80-20050603T003343320754000.out
251.0333 	  0.0322 	6401	215.584225	7238	#fail80-20050603T005642425648000.out
280.0333 	  0.0322 	6401	637.384102	8527	#fail80-20050603T013753293288000.out
234.0333 	  0.0322 	12180	404.464511	16396	#fail80-20050603T034731743795000.out
251.0333 	  0.0322 	62	408.907836	14296	#fail80-20050603T041947213381000.out
253.0333 	  0.0322 	12031	418.199423	14460	#fail80-20050603T051549887081000.out
251.0333 	  0.0322 	8189	414.687957	14624	#fail80-20050603T055338449151000.out
258.0333 	  0.0322 	102	410.39761	14620	#fail80-20050603T060838619166000.out
259.9667 	  0.0322 	635	418.178426	14270	#fail80-20050603T070021242226000.out
281.0333 	  0.0322 	12801	852.938333	15269	#fail80-20050603T093254434250000.out
281.0667 	  0.0622 	12801	795.741028	14350	#fail80-20050603T093941398964000.out
281.0333 	  0.0322 	12801	999.566042	17347	#fail80-20050603T094808730673000.out
281.0333 	  0.0322 	12801	861.584018	15280	#fail80-20050603T095524989397000.out
281.0333 	  0.0322 	12005	316.575872	13184	#fail80-20050603T100613930234000.out
281.0333 	  0.0322 	12801	788.639107	14102	#fail80-20050603T101150593080000.out
253.0333 	  0.0322 	52	1743.499947	30416	#fail80-20050603T102650629587000.out
249.0333 	  0.0322 	12801	831.823543	14282	#fail80-20050603T103617883904000.out
256.0333 	  0.0322 	52	289.128045	10661	#fail80-20050603T104124078357000.out
257.0333 	  0.0322 	12801	837.291712	14314	#fail80-20050603T104715743730000.out
265.0333 	  0.0322 	9146	289.372008	10803	#fail80-20050603T105630359971000.out
257.0333 	  0.0322 	37	1757.671793	30840	#fail80-20050603T110215780589000.out
240.0333 	  0.0322 	12801	854.218139	14677	#fail80-20050603T111345068840000.out
280.0333 	  0.0322 	46	306.252442	12823	#fail80-20050603T112549604427000.out
279.9667 	  0.0322 	11826	1752.891519	30767	#fail80-20050603T113000389456000.out
278.0333 	  0.0322 	12801	946.917045	13939	#fail80-20050603T113804886995000.out
279.0333 	  0.0322 	10198	279.511507	11439	#fail80-20050603T114929922515000.out
279.9667 	  0.0322 	1524	1735.544156	30044	#fail80-20050603T120927664140000.out
280.0333 	  0.0322 	7238	300.930251	12176	#fail80-20050603T120952072109000.out
280.9000 	  0.0900 	12801	866.290303	14748	#fail80-20050603T121743485399000.out
277.0333 	  0.0322 	12801	936.849577	16436	#fail80-20050603T122600289672000.out
278.9667 	  0.0322 	349	312.84144	13130	#fail80-20050603T123230865886000.out
280.0333 	  0.0322 	12801	876.448758	14872	#fail80-20050603T123700927720000.out
280.0333 	  0.0322 	11058	289.189036	11847	#fail80-20050603T124739854607000.out
280.0333 	  0.0322 	12801	324.761627	14747	#fail80-20050603T130351527329000.out
279.9667 	  0.0322 	2	33.795861	37584	#fail80-20050603T144850524816000.out
281.0333 	  0.0322 	12801	40.732807	14904	#fail80-20050603T145543383712000.out
