335.833333 	23.138889 	606	0.788879	2501	#fail80-20050509T203815.out
274.2667 	  0.3289 	269.1372	0.036994	2478	#fail80-20050510T014109.out
271.0000 	  0.4000 	265.3431	0.035994	2567	#fail80-20050510T021109.out
271.3333 	  0.2889 	266.5259	0.033994	2501	#fail80-20050510T024109.out
272.0667 	  0.2622 	267.4865	0.033994	2501	#fail80-20050510T031109.out
273.1667 	  0.4056 	267.4707	0.046992	2489	#fail80-20050510T034109.out
272.9667 	  0.3656 	267.5589	0.037993	2517	#fail80-20050510T041109.out
273.2000 	  0.2267 	268.9417	0.033994	2549	#fail80-20050510T044110.out
274.8667 	  0.1822 	271.0486	0.033994	2537	#fail80-20050510T051110.out
273.0667 	  0.4622 	266.9857	0.043992	2529	#fail80-20050510T054110.out
274.3000 	  0.4100 	268.5729	0.032994	2496	#fail80-20050510T061110.out
274.1667 	  0.3389 	268.9598	0.035993	2516	#fail80-20050510T064110.out
274.0333 	  0.4322 	268.1530	0.030995	2566	#fail80-20050510T071111.out
272.0667 	  0.2622 	267.4865	0.034994	2591	#fail80-20050510T074111.out
274.0333 	  0.3656 	268.6255	0.05499	3337	#fail80-20050510T101108.out
273.6667 	  0.2222 	269.4503	0.055991	3264	#fail80-20050510T104108.out
273.7667 	  0.3789 	268.2611	0.05899	3234	#fail80-20050510T111108.out
275.7667 	  0.3122 	270.7689	0.044992	3357	#fail80-20050510T114108.out
274.0000 	  0.3333 	268.8360	0.054991	3259	#fail80-20050510T121108.out
239.5667 	4194.1122 		0.000999	0	#fail80-20050510T155248.out
271.6667 	  0.2889 	266.8593	3510.209366	2503	#fail80-20050510T162248.out
271.6333 	  0.4322 	265.7530	1502.277618	1081	#fail80-20050510T185752.out
274.1667 	  0.3389 	268.9598	3365.704335	2409	#fail80-20050510T194735.out
237.6333 	3771.2322 		0.000999	0	#fail80-20050510T201735.out
236.7333 	3875.2622 		0.000999	0	#fail80-20050510T204735.out
245.4333 	5533.7789 		0.000999	0	#fail80-20050510T211735.out
273.5667 	  0.3122 	268.5689	3364.543511	2429	#fail80-20050510T214735.out
270.6333 	  0.2322 	266.3231	3362.272856	2346	#fail80-20050510T221735.out
276.0667 	  0.3956 	270.4413	3361.532968	2410	#fail80-20050510T224735.out
252.8667 	3575.5156 		0.000999	0	#fail80-20050510T231735.out
242.7000 	2765.8767 		0.000999	0	#fail80-20050510T234735.out
271.6000 	  0.2400 	267.2182	3514.080777	2491	#fail80-20050511T001736.out
270.7667 	  0.3122 	265.7689	3521.077714	2524	#fail80-20050511T004736.out
273.0000 	  0.3333 	267.8360	3517.741221	2484	#fail80-20050511T011736.out
270.6333 	  0.2322 	266.3231	3516.596395	2486	#fail80-20050511T014736.out
271.1333 	  0.3156 	266.1089	3519.303984	2470	#fail80-20050511T021736.out
274.0333 	  0.4322 	268.1530	3517.48426	2466	#fail80-20050511T024736.out
273.0333 	  0.2322 	268.7231	3508.676599	2483	#fail80-20050511T031736.out
272.6333 	  0.2989 	267.7434	3501.127747	2473	#fail80-20050511T034736.out
273.8000 	  0.4933 	267.5177	3516.776367	2454	#fail80-20050511T041736.out
271.6000 	  0.2400 	267.2182	3515.940494	2466	#fail80-20050511T044736.out
273.7333 	  0.3956 	268.1080	3517.668232	2517	#fail80-20050511T051737.out
272.8667 	  0.4489 	266.8741	3521.394666	2434	#fail80-20050511T143832.out
273.0667 	  0.3289 	267.9372	3447.815852	2469	#fail80-20050511T150833.out
237.6000 	3535.1733 		0.001999	0	#fail80-20050511T153833.out
240.3000 	2931.3433 		0.001999	0	#fail80-20050511T160833.out
248.5667 	4799.2456 		0.000999	0	#fail80-20050511T163833.out
272.6333 	  0.3656 	267.2255	3356.051801	2345	#fail80-20050511T170833.out
271.7333 	  0.3289 	266.6039	3487.198864	2461	#fail80-20050511T173833.out
273.9333 	  0.3289 	268.8039	3383.460635	2395	#fail80-20050511T180833.out
232.2667 	4672.7956 		0.001998	0	#fail80-20050511T183833.out
273.1333 	  0.1822 	269.3152	3361.212017	2486	#fail80-20050511T195111.out
275.6667 	  0.4222 	269.8548	3532.374996	1477	#fail80-20050511T195705.out
274.0333 	  0.4989 	267.7158	3520.036872	1452	#fail80-20050511T202705.out
276.0000 	  0.3333 	270.8360	3544.91909	2037	#fail80-20050511T203727.out
274.6333 	  0.2989 	269.7434	3539.671887	1478	#fail80-20050511T205705.out
275.6333 	  0.4322 	269.7530	3545.188049	2101	#fail80-20050511T210727.out
274.2000 	  0.2933 	269.3558	3538.908004	1480	#fail80-20050511T212705.out
275.1667 	  0.2056 	271.1115	3549.045462	2039	#fail80-20050511T213727.out
273.1667 	  0.4056 	267.4707	3541.095671	1481	#fail80-20050511T215705.out
274.8333 	  0.2722 	270.1667	3545.739964	2060	#fail80-20050511T220727.out
274.1667 	  0.4722 	268.0203	3538.328091	1483	#fail80-20050511T222705.out
274.2333 	  0.1789 	270.4503	3547.905636	2062	#fail80-20050511T223727.out
274.6000 	  0.4400 	268.6670	3541.339633	1489	#fail80-20050511T225705.out
272.7000 	  0.2100 	268.6012	3545.209045	2061	#fail80-20050511T230727.out
273.1333 	  0.2489 	268.6711	3537.93915	1460	#fail80-20050511T232705.out
275.7000 	  0.4100 	269.9729	3548.196591	2058	#fail80-20050511T233727.out
275.7667 	  0.3789 	270.2611	3539.510912	1480	#fail80-20050511T235705.out
275.1000 	  0.1567 	271.5598	3546.444858	2064	#fail80-20050512T000728.out
272.0667 	  0.1956 	268.1114	3524.867138	1462	#fail80-20050512T002705.out
274.8667 	  0.2489 	270.4045	3547.700667	2083	#fail80-20050512T003728.out
270.7667 	  0.2456 	266.3345	3453.653964	1429	#fail80-20050512T005705.out
277.6333 	  0.2989 	272.7434	3544.522149	2073	#fail80-20050512T010728.out
273.1667 	  0.4056 	267.4707	3526.172939	1457	#fail80-20050512T012705.out
277.2000 	  0.2267 	272.9417	3548.247583	2074	#fail80-20050512T013728.out
273.1333 	  0.3156 	268.1089	3501.351713	1509	#fail80-20050512T015705.out
277.0333 	  0.3656 	271.6255	3545.892941	2119	#fail80-20050512T020728.out
273.6333 	  0.2989 	268.7434	3531.605113	1479	#fail80-20050512T022705.out
278.6000 	  0.4400 	272.6670	3546.393865	2042	#fail80-20050512T023728.out
272.6000 	  0.2400 	268.2182	3540.38278	1479	#fail80-20050512T025705.out
273.8667 	  0.3156 	268.8423	3546.412862	2026	#fail80-20050512T030728.out
272.1333 	  0.2489 	267.6711	3539.881855	1501	#fail80-20050512T032706.out
275.5000 	  0.3167 	270.4668	3532.68095	1996	#fail80-20050512T033728.out
271.4000 	  0.3067 	266.4469	3541.131665	1492	#fail80-20050512T035706.out
277.3333 	  0.4222 	271.5215	3539.635892	2030	#fail80-20050512T040728.out
273.1667 	  0.5389 	266.6008	3516.312438	1456	#fail80-20050512T042706.out
275.8667 	  0.3156 	270.8423	3550.70021	1992	#fail80-20050512T043728.out
274.9333 	  0.4622 	268.8524	3538.736029	1480	#fail80-20050512T045706.out
275.1333 	  0.3156 	270.1089	3545.05007	2055	#fail80-20050512T050729.out
275.2000 	  0.4933 	268.9177	3527.852684	1469	#fail80-20050512T052706.out
276.5667 	  0.2456 	272.1345	3547.886638	2002	#fail80-20050512T053729.out
275.8333 	  0.3389 	270.6265	3546.125906	2043	#fail80-20050512T060729.out
274.7333 	  0.3289 	269.6039	3545.095062	2034	#fail80-20050512T125620.out
276.9000 	  0.2900 	272.0834	3544.069218	2042	#fail80-20050512T132620.out
274.0333 	  0.2989 	269.1434	3548.310573	2002	#fail80-20050512T135620.out
276.5667 	  0.2456 	272.1345	3544.45316	2093	#fail80-20050512T142620.out
275.6000 	  0.2400 	271.2182	3543.111364	2132	#fail80-20050512T145620.out
275.8000 	  0.3600 	270.4334	3523.566335	1987	#fail80-20050512T152621.out
276.6667 	  0.2889 	271.8593	3526.600874	2061	#fail80-20050512T155621.out
273.5667 	  0.2456 	269.1345	3523.979273	2019	#fail80-20050512T162621.out
276.1667 	  0.2722 	271.5000	3528.830535	2034	#fail80-20050512T165621.out
274.1333 	  0.2489 	269.6711	3523.986271	2015	#fail80-20050512T172621.out
275.7333 	  0.4622 	269.6524	3526.266925	1963	#fail80-20050512T175621.out
275.2333 	  0.2456 	270.8011	3523.840294	2098	#fail80-20050512T182621.out
274.3667 	  0.2322 	270.0565	3525.744004	2046	#fail80-20050512T185621.out
275.1333 	  0.3156 	270.1089	3523.644324	1990	#fail80-20050512T192621.out
276.8333 	  0.3389 	271.6265	3526.226931	2042	#fail80-20050512T195621.out
276.1000 	  0.3567 	270.7583	3523.152398	1984	#fail80-20050512T202622.out
274.2000 	  0.2933 	269.3558	3524.979121	1990	#fail80-20050512T205622.out
273.9333 	  0.1289 	270.7222	3522.994423	1980	#fail80-20050512T212622.out
275.0667 	  0.2622 	270.4865	3525.168092	2047	#fail80-20050512T215622.out
277.0000 	  0.3333 	271.8360	3526.402904	2058	#fail80-20050512T222622.out
276.1333 	  0.3156 	271.1089	3235.669103	12633	#fail80-20050517T170507.out
275.9000 	  0.2233 	271.6731	3234.987206	12712	#fail80-20050517T173507.out
276.8333 	  0.2722 	272.1667	3233.356454	12953	#fail80-20050517T180507.out
275.9333 	  0.1289 	272.7222	3236.959906	12639	#fail80-20050517T183507.out
277.7667 	  0.2456 	273.3345	3234.185328	12711	#fail80-20050517T190507.out
277.8333 	  0.2722 	273.1667	3230.106948	12787	#fail80-20050517T193507.out
276.2667 	  0.3289 	271.1372	3236.595961	12664	#fail80-20050517T200507.out
276.7333 	  0.2622 	272.1532	3225.544642	13087	#fail80-20050517T203508.out
276.0333 	  0.1656 	272.3940	3231.512735	12940	#fail80-20050517T210508.out
277.8333 	  0.1389 	274.5000	3234.454287	12514	#fail80-20050517T213508.out
277.0333 	  0.1656 	273.3940	3239.082584	12618	#fail80-20050517T220508.out
278.2667 	  0.2622 	273.6865	3226.165548	13173	#fail80-20050517T223508.out
277.6000 	  0.3733 	272.1350	3235.607112	12788	#fail80-20050517T230508.out
274.8000 	  0.1600 	271.2223	3229.63302	12903	#fail80-20050517T233508.out
277.7667 	  0.3122 	272.7689	3233.45044	13009	#fail80-20050518T000508.out
276.5333 	  0.2489 	272.0711	3233.985359	12799	#fail80-20050518T003508.out
278.0000 	  0.2667 	273.3812	3232.458591	12859	#fail80-20050518T010508.out
277.1000 	  0.1567 	273.5598	3232.829534	12799	#fail80-20050518T013508.out
276.3667 	  0.2322 	272.0565	3234.10534	12844	#fail80-20050518T020508.out
276.8000 	  0.2267 	272.5417	3233.542425	12579	#fail80-20050518T023508.out
