77.000000 	0.000000		121.520000	57862	#sol24-20050427T123816.out
69.000000 	0.000000		0.620000	286	#sol24-20050427T123957.out
73.000000 	0.000000		49.480000	23900	#sol24-20050427T124226.out
70.000000 	0.000000		1.980000	937	#sol24-20050427T124408.out
79.000000 	0.000000		0.380000	173	#sol24-20050427T125620.out
83.000000 	0.000000		0.430000	196	#sol24-20050427T125905.out
82.000000 	0.000000		4.990000	2382	#sol24-20050427T125910.out
82.000000 	0.000000		7.690000	3670	#sol24-20050427T125918.out
82.000000 	0.000000		141.670000	84118	#sol24-20050427T130802.out
79.000000 	0.000000		53.350000	6679	#sol24-20050427T130910.out
81.000000 	0.000000		38.220000	219	#sol24-20050427T131121.out
79.000000 	0.000000		85.120000	32335	#sol24-20050427T131306.out
81.000000 	0.000000		63.370000	15272	#sol24-20050427T131425.out
76.000000 	0.000000		38.320000	1810	#sol24-20050427T131529.out
77.000000 	0.000000		48.280000	166	#sol24-20050427T131644.out
76.000000 	0.000000		15.700000	6352	#sol24-20050427T131723.out
83.000000 	0.000000		47.150000	3007	#sol24-20050427T131820.out
71.000000 	0.000000		5.120000	1086	#sol24-20050427T131900.out
82.000000 	0.000000		0.530000	1995	#sol24-20050427T131928.out
83.000000 	0.000000		51.800000	7410	#sol24-20050427T132014.out
83.000000 	0.000000		122.950000	14619	#sol24-20050427T132237.out
76.000000 	0.000000		0.590000	2203	#sol24-20050427T132623.out
82.000000 	0.000000		577.530000	66650	#sol24-20050427T133240.out
79.000000 	0.000000		8.160000	160	#sol24-20050427T133304.out
81.000000 	0.000000		3.220000	376	#sol24-20050427T133328.out
83.000000 	0.000000		91.010000	23016	#sol24-20050427T133527.out
79.000000 	0.000000		6.910000	13688	#sol24-20050427T133534.out
81.000000 	0.000000		0.160000	200	#sol24-20050427T133537.out
85.000000 	0.000000		42.960000	85251	#sol24-20050427T133620.out
79.000000 	0.000000		36.140000	71468	#sol24-20050427T133656.out
74.000000 	0.000000		0.160000	230	#sol24-20050427T133657.out
84.000000 	0.000000		134.180000	265679	#sol24-20050427T133911.out
84.000000 	0.000000		114.790000	226927	#sol24-20050427T134106.out
79.000000 	0.000000		4.210000	8025	#sol24-20050427T134110.out
80.000000 	0.000000		5.120000	10032	#sol24-20050427T134116.out
79.000000 	0.000000		32.680000	65291	#sol24-20050427T134148.out
84.000000 	0.000000		1001.020000	1995582	#sol24-20050427T135829.out
81.000000 	0.000000		0.160000	259	#sol24-20050427T135830.out
83.000000 	0.000000		5.440000	10679	#sol24-20050427T135835.out
79.000000 	0.000000		6.910000	13688	#sol24-20050427T135842.out
81.000000 	0.000000		0.160000	200	#sol24-20050427T135845.out
85.000000 	0.000000		42.990000	85251	#sol24-20050427T135928.out
82.000000 	0.000000		221.740000	435199	#sol24-20050427T140310.out
83.000000 	0.000000		2.810000	5506	#sol24-20050427T140313.out
85.000000 	0.000000		108.650000	215713	#sol24-20050427T140501.out
79.000000 	0.000000		0.550000	943	#sol24-20050427T140541.out
84.000000 	0.000000		92.630000	183232	#sol24-20050427T140714.out
85.000000 	0.000000		0.170000	320	#sol24-20050427T140715.out
81.000000 	0.000000		1231.550000	2437749	#sol24-20050427T142746.out
81.000000 	0.000000		0.170000	259	#sol24-20050427T142747.out
81.000000 	0.000000		0.540000	951	#sol24-20050427T142752.out
83.000000 	0.000000		0.150000	171	#sol24-20050427T142753.out
78.000000 	0.000000		7.080000	13908	#sol24-20050427T142800.out
81.000000 	0.000000		1.660000	3320	#sol24-20050427T142802.out
82.000000 	0.000000		220.150000	435199	#sol24-20050427T143142.out
79.000000 	0.000000		1.410000	2731	#sol24-20050427T143143.out
85.000000 	0.000000		0.180000	320	#sol24-20050427T143144.out
81.000000 	0.000000		1231.130000	2437749	#sol24-20050427T145215.out
78.000000 	0.000000		18.890000	37438	#sol24-20050427T145234.out
79.000000 	0.000000		1.310000	2731	#sol24-20050427T145235.out
85.000000 	0.000000		0.190000	320	#sol24-20050427T145236.out
82.000000 	0.000000		5.660000	21645	#sol24-20050427T145528.out
81.000000 	0.000000		1231.560000	2437749	#sol24-20050427T151308.out
81.000000 	0.000000		8.110000	15082	#sol24-20050427T151316.out
77.000000 	0.000000		2.380000	4538	#sol24-20050427T151318.out
83.000000 	0.000000		7.470000	14619	#sol24-20050427T151326.out
78.000000 	0.000000		18.910000	37438	#sol24-20050427T151345.out
79.000000 	0.000000		1.410000	2731	#sol24-20050427T151346.out
85.000000 	0.000000		0.190000	320	#sol24-20050427T151347.out
85.000000 	0.000000		0.190000	320	#sol24-20050427T153422.out
83.000000 	0.000000		0.291683	528	#sol24-20050427T153629.out
83.000000 	0.000000		0.295191	528	#sol24-20050427T153631.out
83.000000 	0.000000		0.294487	528	#sol24-20050427T153632.out
83.000000 	0.000000		0.294438	528	#sol24-20050427T153633.out
83.000000 	0.000000		0.300858	528	#sol24-20050427T153634.out
83.000000 	0.000000		0.294377	528	#sol24-20050427T153635.out
77.000000 	0.000000		0.736392	2819	#sol24-20050427T153925.out
81.000000 	0.000000		1234.750000	2437749	#sol24-20050427T155457.out
79.000000 	0.000000		0.541192	943	#sol24-20050427T155458.out
85.000000 	0.000000		0.181022	320	#sol24-20050427T155630.out
81.000000 	0.000000		1230.877862	2437749	#sol24-20050427T161701.out
79.000000 	0.000000		35.937734	71468	#sol24-20050427T161737.out
81.000000 	0.000000		7.943972	15082	#sol24-20050427T161746.out
81.000000 	0.000000		0.170323	259	#sol24-20050427T161748.out
83.000000 	0.000000		5.430574	10679	#sol24-20050427T161754.out
79.000000 	0.000000		6.903116	13688	#sol24-20050427T161801.out
81.000000 	0.000000		0.156762	200	#sol24-20050427T161803.out
85.000000 	0.000000		42.825843	85251	#sol24-20050427T161846.out
79.000000 	0.000000		35.930793	71468	#sol24-20050427T161922.out
74.000000 	0.000000		0.164056	230	#sol24-20050427T161923.out
84.000000 	0.000000		133.525569	265679	#sol24-20050427T162136.out
81.000000 	0.000000		0.540241	951	#sol24-20050427T162210.out
83.000000 	0.000000		0.147717	171	#sol24-20050427T162211.out
78.000000 	0.000000		6.966536	13908	#sol24-20050427T162218.out
81.000000 	0.000000		1.656037	3320	#sol24-20050427T162219.out
82.000000 	0.000000		219.643678	435199	#sol24-20050427T162559.out
82.000000 	0.000000		38.539190	76291	#sol24-20050427T162638.out
83.000000 	0.000000		16.929361	33580	#sol24-20050427T162655.out
81.000000 	0.000000		1.615818	3180	#sol24-20050427T162656.out
80.000000 	0.000000		1.973754	3803	#sol24-20050427T162658.out
79.000000 	0.000000		76.449941	150557	#sol24-20050427T162815.out
80.000000 	0.000000		0.605178	1166	#sol24-20050427T162915.out
84.000000 	0.000000		296.222876	586814	#sol24-20050427T163412.out
85.000000 	0.000000		0.181425	320	#sol24-20050427T163413.out
81.000000 	0.000000		0.157952	226	#sol24-20050427T165445.out
77.000000 	0.000000		39.574072	77794	#sol24-20050427T165525.out
83.000000 	0.000000		11.663356	23016	#sol24-20050427T165537.out
83.000000 	0.000000		5.371984	10679	#sol24-20050427T165542.out
82.00000 	 0.00000	 0.00000	42.867128	46376	#sol24-20050502T162551.out
83.00000 	 0.00000	 0.00000	4.111991	4506	#sol24-20050502T162712.out
80.00000 	 0.00000	 0.00000	1.071479	1168	#sol24-20050502T162714.out
77.00000 	 0.00000	 0.00000	10.513633	11983	#sol24-20050502T162726.out
81.00000 	 0.00000	 0.00000	51.162829	64947	#sol24-20050502T162819.out
80.00000 	 0.00000 	80.00000	6.336178	5064	#sol24-20050502T174434.out
82.00000 	 0.00000 	82.00000	17.171931	13791	#sol24-20050502T174453.out
81.00000 	 0.00000 	81.00000	1.169064	906	#sol24-20050502T174457.out
83.00000 	 0.00000 	83.00000	138.728560	112562	#sol24-20050502T180604.out
81.00000 	 0.00000 	81.00000	2.221445	1089	#sol24-20050502T184607.out
79.00000 	 0.00000 	79.00000	2.075288	1005	#sol24-20050502T184610.out
80.00000 	 0.00000 	80.00000	11.796895	6017	#sol24-20050502T184623.out
82.00000 	 0.00000 	82.00000	1.060248	511	#sol24-20050502T184627.out
85.00000 	 0.00000 	85.00000	10.167936	5028	#sol24-20050502T184639.out
80.00000 	 0.00000 	80.00000	67.150381	33839	#sol24-20050502T184747.out
83.00000 	 0.00000 	83.00000	23.196858	10070	#sol24-20050502T191128.out
82.00000 	 0.00000 	82.00000	37.915793	18233	#sol24-20050502T191208.out
83.00000 	 0.00000 	83.00000	101.314060	50304	#sol24-20050502T191600.out
81.00000 	 0.00000 	81.00000	111.502403	57304	#sol24-20050502T193249.out
83.00000 	 0.00000 	83.00000	379.084179	202135	#sol24-20050502T194024.out
84.00000 	 0.00000 	84.00000	75.954661	33474	#sol24-20050502T194308.out
82.00000 	 0.00000 	82.00000	208.782364	106357	#sol24-20050502T194640.out
82.000000 	0.000000		208.782364	106357	#sol24-20050502T194640.out
80.00000 	 0.00000 	80.00000	3.754830	6802	#sol24-20050503T115858.out
80.00000 	 0.00000 	80.00000	11.705965	21899	#sol24-20050503T115912.out
85.00000 	 0.00000 	85.00000	64.827868	120626	#sol24-20050503T120020.out
82.00000 	 0.00000 	82.00000	41.721182	77500	#sol24-20050503T120105.out
82.00000 	 0.00000 	82.00000	4.577774	2929	#sol24-20050503T125533.out
75.00000 	 0.00000 	75.00000	0.712929	464	#sol24-20050503T125536.out
80.00000 	 0.00000 	80.00000	1.803089	1145	#sol24-20050503T125540.out
81.00000 	 0.00000 	81.00000	1.345591	894	#sol24-20050503T125834.out
81.00000 	 0.00000 	81.00000	1.372708	935	#sol24-20050503T125918.out
81.00000 	 0.00000 	81.00000	13.965512	9584	#sol24-20050505T165359.out
86.14286 	 0.12245 	84.42857	1132.394135	788538	#sol24-20050506T104912.out
81.000000 	0.000000		1132.394135	788538	#sol24-20050506T104912.out
83.00000 	 0.00000 	83.00000	3.534997	2313	#sol24-20050506T120318.out
83.00000 	 0.00000 	83.00000	40.267363	28863	#sol24-20050506T120816.out
81.00000 	 0.00000 	81.00000	27.658519	19851	#sol24-20050506T121000.out
80.00000 	 0.00000 	80.00000	1.571982	640	#sol24-20050506T122000.out
79.00000 	 0.00000 	79.00000	2.193410	817	#sol24-20050506T122327.out
83.00000 	 0.00000 	83.00000	33.892942	24484	#sol24-20050506T123729.out
80.00000 	 0.00000 	80.00000	1.292780	838	#sol24-20050506T124025.out
83.85714 	 0.12245	 0.12245	1800.000336	2956808	#fail24-20050502T165949.out
86.14286 	 0.12245 	84.42857	1800.512643	621129	#fail24-20050502T201743.out
82.14286 	 0.12245 	80.42857	323.483908	103054	#fail24-20050506T122902.out
85.00000 	 0.28571 	82.38139	18.881764	3878	#fail24-20050506T124858.out
85.14286 	 0.12245 	83.42857	1799.979548	799719	#fail24-20050506T134029.out
